AMP	DEL	Frame_Shift_Del	Frame_Shift_Ins	In_Frame_Del	In_Frame_Ins	Missense_Mutation	Nonsense_Mutation	Nonstop_Mutation	RNA	Splice_Site	Translation_Start_Site
AAAS	0	0	3	0	1	0	24	2	0	0	0	0
ABL1	0	0	4	1	1	0	64	5	0	0	1	0
ACD	0	0	1	1	0	0	30	6	0	0	0	0
ACTB	0	1	2	1	3	0	64	1	0	0	2	1
ACTL6A	0	0	0	0	1	0	26	2	0	0	2	0
ACTL6B	0	0	2	3	1	0	35	2	0	0	4	0
ACTR1A	0	1	1	0	0	0	20	0	0	0	1	0
ACTR5	0	0	3	0	0	0	30	1	0	0	1	0
ACTR8	0	1	2	0	0	0	27	3	0	0	1	0
ACVR1B	0	1	2	0	0	0	61	6	1	0	3	0
ACVR2A	0	0	46	2	2	1	44	9	0	0	4	1
ADPRHL2	0	0	1	0	0	0	12	0	0	0	0	0
AEBP2	0	0	1	0	0	0	19	1	0	0	0	0
AHCTF1	0	0	7	4	0	0	143	12	0	0	5	0
AJUBA	0	0	12	8	2	0	30	13	0	0	3	0
AKAP9	0	0	20	6	2	0	235	30	0	0	4	0
AKT1	79	0	0	0	0	0	77	0	0	0	0	0
AKT2	0	0	0	0	0	0	40	2	0	0	1	0
AKT3	0	0	1	0	0	0	48	4	0	0	3	0
ALK	0	0	4	0	2	0	137	12	0	0	6	0
ALKBH2	0	0	1	0	0	0	23	1	0	0	0	0
ALKBH3	0	0	0	0	0	0	17	1	0	0	1	0
ALKBH5	0	0	0	0	0	0	21	1	0	0	0	0
ALMS1	0	0	10	5	2	1	264	29	0	0	0	0
AMER1	0	2	8	2	0	0	123	39	0	0	1	0
ANAPC1	0	0	5	0	1	0	93	5	0	0	2	0
ANAPC10	0	0	0	0	0	0	5	0	0	0	0	0
ANAPC11	0	0	0	0	0	0	7	0	0	0	0	0
ANAPC15	0	0	1	0	0	0	5	1	0	0	0	0
ANAPC16	0	0	0	0	0	0	4	0	0	0	0	0
ANAPC2	0	0	0	0	1	0	62	1	0	0	0	0
ANAPC4	0	0	5	0	0	0	27	4	0	0	3	0
ANAPC7	0	1	1	0	0	0	32	1	0	0	1	0
ANKLE2	0	0	2	1	1	0	75	2	0	0	3	0
APBB1	0	0	2	0	0	0	51	1	0	0	2	0
APC	0	0	107	58	2	0	175	297	0	0	17	0
APEX1	0	0	0	0	1	0	12	0	0	0	0	0
APITD1	0	0	0	0	0	0	4	1	0	0	1	0
AQR	0	1	3	0	0	0	97	2	0	0	1	0
AR	0	0	2	1	0	0	70	3	0	0	0	0
ARAF	0	0	10	1	0	0	42	3	0	0	0	0
ARHGAP35	0	0	32	5	5	0	133	44	0	0	2	0
ARID1A	0	1	193	63	3	0	156	212	0	0	23	0
ARID1B	0	2	26	5	1	2	134	31	0	0	0	0
ARID2	0	4	47	6	1	1	119	81	0	0	16	0
ARID4A	0	0	7	4	0	0	80	4	0	0	1	0
ARID4B	0	0	17	4	2	0	82	8	0	0	4	1
ARID5B	0	0	22	7	1	0	79	8	0	0	0	0
ARPP19	0	0	0	1	0	0	6	0	0	0	0	0
ASCC1	0	0	1	0	0	0	12	2	0	0	3	0
ASCC2	0	0	1	0	0	0	36	7	0	0	2	0
ASCC3	0	0	2	4	0	0	127	15	0	0	5	0
ASH1L	0	0	11	5	1	0	192	18	0	0	3	1
ASH2L	0	1	0	0	0	0	41	0	0	0	1	0
ASXL1	0	0	17	1	0	0	100	22	0	0	1	0
ASXL2	0	1	6	0	2	0	114	19	0	0	1	1
ATF2	0	0	1	0	1	0	31	1	0	0	2	0
ATF7IP	0	0	9	9	1	0	96	18	0	0	6	0
ATM	0	0	34	10	7	0	242	46	1	0	27	0
ATR	0	0	12	4	1	0	179	14	0	0	8	0
ATRIP	0	0	5	0	0	0	32	2	0	0	0	0
ATRX	0	0	122	32	3	0	216	92	0	0	24	0
ATXN3	0	0	2	0	0	0	19	4	0	0	2	1
ATXN7	0	0	5	0	1	0	40	3	0	0	0	0
ATXN7L3	0	0	1	0	0	0	18	2	0	0	0	0
AURKA	0	0	0	0	0	0	19	1	0	0	0	1
AURKB	0	0	0	0	0	0	19	0	0	0	0	0
AXIN1	0	0	11	4	0	0	55	14	0	0	6	0
AXIN2	0	0	8	3	0	1	64	7	0	0	2	0
AZI1	0	0	1	0	0	0	52	6	0	0	3	0
B2M	0	0	25	1	1	0	21	7	0	0	4	11
B9D2	0	0	1	0	0	0	7	1	0	0	0	0
BABAM1	0	0	1	0	0	0	13	1	0	0	0	0
BANF1	0	0	0	0	0	0	3	0	0	0	1	0
BAP1	0	1	39	7	6	0	81	38	0	0	13	3
BARD1	0	0	5	2	0	0	51	3	0	0	1	0
BCL2	0	0	1	0	1	0	12	1	0	0	0	0
BCOR	0	0	18	8	1	0	141	29	0	0	4	0
BIRC5	0	0	0	0	0	0	11	1	0	0	1	0
BLM	0	0	4	1	1	0	76	2	0	0	1	0
BLZF1	0	0	2	0	0	0	27	2	0	0	2	0
BORA	0	0	1	0	0	0	21	1	1	0	1	0
BRAF	124	0	0	0	6	0	660	5	0	0	4	0
BRCA1	0	0	13	3	2	0	114	15	0	0	6	1
BRCA2	0	0	20	6	3	0	217	28	0	0	2	0
BRD1	0	2	7	1	2	0	78	4	0	0	3	0
BRD7	0	3	5	4	0	0	36	16	0	0	3	0
BRD8	0	0	5	0	0	0	69	5	0	0	4	0
BRE	0	0	2	1	0	1	31	6	0	0	5	0
BRIP1	0	0	4	2	1	0	73	10	0	0	3	0
BRMS1	0	0	2	0	0	0	24	3	0	0	2	0
BRPF1	0	0	2	1	0	0	65	3	0	0	1	0
BRPF3	0	0	2	2	0	0	65	7	0	0	0	0
BRWD1	0	1	10	3	1	0	121	10	0	0	2	0
BTRC	0	0	3	1	0	0	40	4	0	0	1	0
BUB1	0	0	1	4	0	0	59	6	0	0	3	0
BUB1B	0	0	3	0	0	0	44	3	0	0	3	0
BUB3	0	0	1	0	0	0	15	1	0	0	0	0
C17orf70	0	0	2	1	0	0	30	3	0	0	2	0
C19orf40	0	0	0	1	0	0	14	1	0	0	2	0
C1orf86	0	0	2	0	0	0	12	0	0	0	0	0
CABLES1	0	0	0	0	0	0	20	0	0	0	2	0
CACNA1A	59	0	0	0	0	0	208	15	0	0	4	0
CARM1	0	0	2	0	0	0	28	1	0	0	0	0
CASC5	0	0	7	4	0	0	112	7	0	0	3	0
CASP8	0	5	12	5	4	0	83	41	0	0	12	0
CBFB	0	0	3	2	0	0	20	2	0	0	2	1
CCDC101	0	0	1	0	0	0	15	2	0	0	2	0
CCNA1	0	0	1	1	1	0	56	3	0	0	2	0
CCNA2	0	0	0	0	0	0	23	2	0	0	0	0
CCNB1	0	0	0	0	0	0	15	1	0	0	2	0
CCNB2	0	0	0	0	0	0	14	3	0	0	0	0
CCND1	318	0	0	0	4	2	38	4	0	0	0	0
CCND2	0	0	0	0	0	0	20	2	0	0	0	0
CCND3	0	0	0	1	0	0	16	1	0	0	0	0
CCNE1	0	0	0	0	0	0	28	2	0	0	1	0
CCNE2	0	0	1	0	1	0	22	2	0	0	0	0
CCNH	0	0	0	0	0	0	11	3	0	0	0	0
CCP110	0	0	1	0	1	0	40	5	0	0	3	0
CDC14A	0	0	4	1	0	0	45	4	1	0	0	0
CDC16	0	4	0	1	0	0	23	2	0	0	3	0
CDC20	0	0	2	0	0	0	21	4	0	0	3	0
CDC23	0	0	2	1	1	0	19	1	0	0	0	0
CDC25A	0	0	0	1	0	0	31	4	0	0	0	0
CDC25B	0	0	2	0	1	0	40	0	0	0	1	0
CDC25C	0	0	5	0	0	0	30	1	0	0	1	0
CDC26	0	0	0	0	0	0	3	1	0	0	0	0
CDC27	0	0	2	0	0	0	45	4	0	0	2	0
CDC45	0	0	2	0	1	0	29	1	0	0	1	0
CDC6	0	0	2	1	0	0	39	3	0	0	4	0
CDC7	0	0	7	0	0	1	30	2	1	0	2	0
CDCA5	0	0	0	0	0	0	14	1	0	0	1	0
CDCA8	0	0	0	0	1	0	9	1	0	0	2	0
CDH1	0	2	31	27	7	0	84	31	0	0	17	0
CDK1	0	0	0	0	0	0	14	1	1	0	0	0
CDK11A	0	0	1	0	1	0	28	0	0	0	2	0
CDK11B	0	0	2	1	2	0	40	2	0	0	2	0
CDK12	0	1	11	7	1	1	121	15	0	0	2	0
CDK2	0	0	2	0	0	0	8	1	0	0	0	0
CDK4	178	0	0	0	2	0	28	0	0	0	0	0
CDK5RAP2	0	0	4	0	0	1	80	6	0	0	3	0
CDK6	0	0	0	0	0	0	18	2	0	0	1	0
CDKN1A	0	0	18	18	0	0	25	11	0	0	0	4
CDKN1B	0	3	9	9	0	0	9	7	0	0	4	0
CDKN1C	0	0	0	0	0	0	3	0	0	0	0	0
CDKN2A	0	0	47	15	12	1	126	121	0	0	33	0
CDKN2B	0	0	0	0	0	0	8	0	0	0	0	0
CDKN2C	0	5	3	1	0	0	12	2	0	0	0	0
CDKN2D	0	0	0	0	0	0	9	0	0	0	0	0
CDT1	0	0	0	0	0	0	24	1	0	0	0	0
CENPA	0	0	0	0	0	0	7	1	0	0	0	0
CENPC	0	0	5	1	0	0	33	3	0	0	2	0
CENPE	0	0	7	2	1	0	161	15	0	0	8	0
CENPF	0	0	6	4	1	0	178	27	0	0	1	0
CENPH	0	0	3	0	0	0	15	0	0	0	3	0
CENPI	0	0	0	0	0	0	46	1	0	0	1	0
CENPJ	0	0	3	1	0	0	78	8	0	0	2	0
CENPK	0	0	3	1	0	0	14	0	0	0	0	0
CENPL	0	0	2	1	0	0	13	2	0	0	1	0
CENPM	0	0	1	0	0	0	6	0	0	0	0	0
CENPN	0	0	1	0	0	0	15	1	0	0	0	0
CENPO	0	0	0	0	1	0	9	1	0	0	0	0
CENPP	0	0	3	1	0	0	13	1	0	0	0	0
CENPQ	0	1	0	0	0	0	13	2	0	0	0	0
CENPT	0	0	0	0	0	0	24	2	0	0	1	0
CENPU	0	0	0	1	0	0	17	0	0	0	1	0
CENPW	0	0	0	0	0	0	4	1	0	0	2	0
CEP135	0	0	1	0	1	0	62	14	0	0	2	0
CEP152	0	0	4	0	2	0	87	12	0	0	3	0
CEP164	0	1	4	0	1	0	60	3	0	0	4	0
CEP192	0	0	3	2	2	0	134	11	0	0	5	0
CEP250	0	1	7	1	1	0	112	6	0	0	6	0
CEP290	0	0	19	3	0	0	108	10	0	0	2	0
CEP57	0	0	2	1	1	0	27	3	0	0	0	0
CEP63	0	0	2	0	0	0	52	1	0	0	0	0
CEP70	0	0	3	1	1	0	25	5	0	0	1	2
CEP72	0	0	1	0	0	0	45	4	0	0	1	0
CEP76	0	0	4	0	0	0	34	3	0	0	2	0
CEP78	0	0	2	0	1	0	39	1	0	0	2	0
CHD3	0	0	22	3	2	0	118	12	0	0	5	0
CHD4	106	0	0	0	3	0	208	15	0	0	10	0
CHD8	0	0	13	5	0	0	128	19	0	0	8	0
CHEK1	0	0	1	1	0	0	26	4	0	0	2	1
CHEK2	0	0	3	2	0	0	56	6	0	0	3	0
CIC	0	3	46	18	4	0	154	19	0	0	5	0
CKAP5	0	0	4	3	1	1	91	3	0	0	4	0
CKS1B	0	0	0	1	0	0	5	2	0	0	0	0
CLASP1	0	0	6	0	0	0	65	4	0	0	4	0
CLASP2	0	0	3	0	0	0	72	6	0	0	3	0
CLIP1	0	0	2	2	0	0	66	9	1	0	4	0
CLOCK	0	0	2	0	1	0	35	7	0	0	3	0
CLSPN	0	0	2	3	2	0	60	10	0	0	2	0
CNEP1R1	0	0	0	0	0	0	6	0	0	0	0	0
CNTRL	0	0	3	0	0	0	103	13	0	0	3	0
COPRS	0	0	0	0	0	0	5	1	0	0	0	0
COPS2	0	0	1	1	1	0	33	4	0	0	2	1
COPS3	0	0	1	1	0	0	24	3	0	0	2	0
COPS4	0	0	2	1	1	0	24	2	0	0	1	0
COPS5	0	0	1	1	1	0	16	2	0	0	0	0
COPS6	0	0	1	0	1	0	14	1	0	0	2	0
COPS7A	0	0	0	0	0	0	11	4	0	0	1	0
COPS7B	0	1	0	1	1	0	11	0	0	0	0	0
COPS8	0	2	1	0	0	0	6	0	0	0	0	0
CREBBP	0	3	17	3	5	0	202	36	0	0	11	0
CSNK1D	0	0	1	0	0	0	22	0	0	0	0	0
CSNK1E	0	0	2	0	3	0	28	0	1	0	0	0
CSNK2A1	0	3	1	0	1	0	27	10	0	0	2	0
CSNK2A2	0	0	0	2	0	0	13	2	0	0	2	0
CSRP2BP	0	0	0	1	0	1	54	3	0	0	1	0
CTCF	0	0	26	27	1	0	84	22	0	0	7	1
CTDNEP1	0	0	0	2	0	0	7	1	0	0	1	0
CTNNB1	34	0	0	0	7	1	294	6	0	0	3	0
CTNND1	0	0	9	4	1	0	70	12	0	0	5	0
CUL1	221	0	0	0	0	0	85	4	0	0	0	0
CUL3	0	1	8	4	0	0	71	13	0	0	15	0
CUL4A	0	0	0	0	0	0	31	4	0	0	1	0
CUL4B	0	1	4	2	0	0	62	6	0	0	4	0
DAZAP1	0	0	25	0	2	0	29	6	0	0	3	0
DBF4	0	0	6	4	1	0	38	1	0	0	2	0
DCLRE1A	0	0	4	0	1	0	52	8	0	0	1	0
DCLRE1B	0	0	0	0	0	0	32	5	0	0	0	0
DCLRE1C	0	0	3	0	3	0	41	2	0	0	2	1
DCTN1	0	0	3	0	0	0	81	8	0	0	0	0
DCTN2	0	0	1	0	0	0	15	0	0	0	1	0
DCTN3	0	0	0	0	0	0	6	0	0	0	0	0
DDB1	0	0	3	0	0	0	58	5	0	0	4	0
DDB2	0	0	2	1	0	0	17	2	0	0	3	0
DDX3X	0	1	8	7	2	1	73	12	0	0	7	2
DHFR	0	0	1	0	0	0	5	0	0	0	0	0
DIDO1	0	0	9	3	0	0	216	16	0	0	3	0
DMAP1	0	0	0	0	2	0	21	4	0	0	2	0
DMC1	0	0	1	1	1	0	19	3	0	0	0	0
DNA2	0	0	2	0	1	0	48	3	0	0	2	0
DNMT3A	0	0	9	4	0	0	80	13	0	0	4	0
DOT1L	0	0	2	0	1	0	87	11	1	0	5	0
DPY30	0	0	0	0	0	0	3	0	0	0	0	1
DR1	0	0	0	1	0	0	11	1	0	0	0	0
DSN1	0	0	0	0	1	0	22	5	0	0	2	0
DTL	0	0	0	0	0	0	31	3	0	0	0	0
DYNC1H1	0	0	2	5	2	1	218	14	0	0	6	0
DYNC1I1	0	0	1	0	0	0	87	9	0	0	4	0
DYNC1I2	0	0	3	2	0	1	28	1	0	0	1	0
DYNC1LI1	0	1	1	1	0	0	19	1	0	0	0	1
DYNC1LI2	0	0	2	1	0	0	18	3	0	0	1	0
DYNLL1	0	0	0	2	0	0	7	1	0	0	0	0
DYNLL2	0	0	0	0	1	0	3	0	0	0	0	0
DYRK1A	0	1	5	9	1	0	68	11	0	0	2	0
E2F1	0	0	8	1	0	0	23	3	0	0	0	0
E2F2	0	0	2	1	0	0	22	4	0	0	1	0
E2F3	0	1	1	4	1	0	17	2	1	0	0	0
E2F4	0	0	0	1	0	0	20	1	0	0	0	0
E2F5	0	0	0	0	0	0	19	1	0	0	2	0
E2F6	0	0	0	0	0	0	7	0	0	0	1	0
EED	0	7	3	1	1	0	28	4	0	0	0	0
EEF1A1	26	0	0	0	4	0	78	3	0	0	1	0
EGFR	259	0	0	0	27	4	259	7	0	0	1	0
EGR3	0	0	7	0	0	0	23	0	0	0	0	0
EHMT1	0	0	1	0	0	0	68	8	0	0	2	0
EIF1AX	75	0	0	0	1	0	38	2	0	0	2	0
ELF3	0	1	13	23	2	0	56	9	0	0	4	0
ELL	0	0	1	1	1	0	24	2	0	0	0	0
ELP2	0	2	0	0	0	0	25	6	0	0	1	0
ELP3	0	1	0	1	0	0	22	3	0	0	2	0
ELP4	0	0	1	0	0	0	39	3	0	0	0	0
ELP5	0	0	1	0	1	0	20	1	0	0	0	0
ELP6	0	0	0	0	0	0	11	0	0	0	0	0
EMD	0	0	0	0	0	0	16	1	0	0	2	0
EME1	0	0	2	0	1	0	25	1	0	0	0	0
EME2	0	0	1	0	0	0	17	1	0	0	1	0
EML4	0	0	5	1	0	0	43	4	0	0	0	0
ENSA	0	0	0	0	0	0	8	2	0	0	0	0
ENY2	0	0	0	0	0	0	6	0	0	0	1	0
EP300	0	1	19	6	5	1	195	48	0	0	12	0
EP400	0	0	7	0	1	1	172	15	0	0	4	0
EPC1	0	0	2	1	1	0	51	0	0	0	0	0
EPHA2	0	0	13	8	1	0	87	18	0	0	4	0
EPHA3	0	0	10	0	0	0	203	19	0	0	7	0
ERBB2	243	0	0	0	1	5	168	0	0	0	3	0
ERBB3	55	0	0	0	4	2	170	5	0	0	0	0
ERCC1	0	0	1	0	0	0	22	2	0	0	0	0
ERCC2	91	0	0	0	0	0	60	2	1	0	1	0
ERCC3	0	0	2	0	0	0	36	3	0	0	1	0
ERCC4	0	0	1	1	1	0	53	5	0	0	1	1
ERCC5	0	1	0	1	0	0	18	1	0	0	1	0
ERCC6	0	0	0	2	0	0	53	3	0	0	3	0
ERCC6L	0	0	3	4	0	0	51	5	0	0	0	0
ERCC8	0	2	1	0	0	0	13	1	0	0	1	1
ESCO1	0	0	7	4	1	0	33	6	0	0	1	0
ESCO2	0	0	5	0	0	0	23	3	0	0	0	0
ESPL1	0	0	5	2	0	0	98	16	0	0	2	0
ESR1	0	0	1	0	1	0	52	5	0	0	1	0
EXO1	0	0	4	1	1	0	57	5	0	0	1	0
EYA1	0	0	2	1	0	0	95	6	0	0	0	0
EYA2	0	0	1	1	1	0	59	2	0	0	2	0
EYA3	0	0	1	1	1	0	24	3	0	0	0	0
EYA4	0	0	1	1	0	0	93	5	0	0	9	0
EZH2	0	0	3	1	0	0	48	5	0	0	0	0
FAM175A	0	0	3	0	1	0	14	1	0	0	0	0
FAN1	0	0	2	0	2	0	51	1	0	0	0	3
FANCA	0	0	1	1	0	0	76	5	0	0	4	0
FANCB	0	1	3	4	1	0	55	3	0	0	2	0
FANCC	0	0	0	0	0	0	24	5	0	0	1	1
FANCD2	0	0	3	2	0	0	90	7	0	0	1	0
FANCE	0	0	2	2	0	0	24	1	0	0	1	0
FANCF	0	1	1	0	0	0	14	2	0	0	0	0
FANCG	0	0	1	0	0	0	27	4	0	0	0	0
FANCI	0	0	6	0	1	0	65	3	2	0	2	0
FANCL	0	0	0	0	0	0	21	1	0	0	1	0
FANCM	0	0	8	2	0	0	140	17	0	0	4	0
FAT1	0	0	57	32	3	0	272	141	1	0	17	0
FBXL18	0	0	1	0	1	0	31	1	0	0	0	0
FBXL7	0	0	5	0	0	0	115	2	0	0	0	0
FBXO5	0	0	2	0	1	0	20	1	0	0	0	1
FBXW11	0	0	0	0	0	0	23	1	0	0	2	0
FBXW7	0	0	23	10	2	1	201	70	0	0	5	0
FEN1	0	0	0	1	0	0	17	0	0	0	0	0
FGFR1	0	0	0	0	0	0	51	0	0	0	3	0
FGFR1OP	0	0	0	0	0	0	24	0	0	0	0	0
FGFR2	28	0	0	0	2	3	123	1	0	0	0	0
FGFR3	39	0	0	0	0	0	112	2	0	0	0	0
FKBP6	0	0	0	0	0	0	34	3	0	0	2	0
FOXA1	54	0	0	0	14	0	68	1	1	0	1	0
FOXA2	0	0	6	7	0	0	41	5	0	0	0	0
FOXM1	0	0	5	0	1	0	53	0	0	0	0	0
FTO	0	0	2	0	0	0	32	3	0	0	1	0
FUBP1	0	0	28	8	2	0	41	21	0	0	13	1
FZR1	0	0	2	2	0	0	47	4	0	0	2	0
GATA3	0	0	24	45	1	0	71	7	0	0	22	0
GATAD2A	0	0	2	0	0	1	40	3	0	0	1	0
GEN1	0	0	3	1	1	0	40	4	0	0	1	0
GINS1	0	0	0	0	0	0	6	2	0	0	1	0
GINS2	0	0	1	0	0	0	8	0	0	0	0	0
GINS3	0	0	2	0	0	0	16	0	0	0	0	0
GINS4	0	0	0	1	0	0	18	2	0	0	0	0
GMNN	0	1	1	0	0	0	12	1	0	0	0	0
GNA11	25	0	0	0	0	0	56	0	0	0	1	0
GNAQ	23	0	0	0	0	0	60	2	0	0	0	0
GOLGA2	0	0	7	1	1	0	52	9	0	0	1	0
GORASP1	0	0	0	1	2	0	13	0	0	0	0	0
GORASP2	0	0	1	0	0	1	24	0	0	0	2	0
GPS1	0	0	0	1	0	0	28	2	0	0	1	0
GPS2	0	0	8	1	0	0	13	14	0	0	5	0
GRIN2D	25	0	0	0	0	0	68	2	0	0	0	0
GSK3B	0	0	2	1	0	0	17	5	0	0	0	0
GTF2H1	0	0	1	0	0	0	21	3	0	0	3	0
GTF2H3	0	0	1	0	0	0	12	2	0	0	1	0
GTF2H5	0	0	0	0	0	0	3	2	0	0	0	0
GTF2I	0	0	0	0	1	1	101	3	0	0	5	0
GTSE1	0	0	2	2	0	0	46	1	0	0	0	0
H2AFB1	0	0	0	0	0	0	4	0	0	0	0	0
H2AFJ	0	0	0	1	0	0	11	0	0	0	0	0
H2AFV	0	0	0	0	0	0	10	0	1	0	0	0
H2AFX	0	0	1	1	1	0	15	0	0	0	0	0
H2AFZ	0	0	0	0	0	0	15	0	0	0	0	0
H3F3A	206	0	0	0	0	0	22	2	0	0	0	0
H3F3B	0	0	2	0	1	0	19	1	0	0	1	0
H3F3C	0	0	5	0	0	0	19	2	0	0	0	0
HAT1	0	0	3	0	1	0	19	4	0	0	0	0
HAUS1	0	1	0	0	0	0	21	0	1	0	1	0
HAUS2	0	0	0	0	0	0	10	0	0	0	0	0
HAUS3	0	0	3	1	0	0	28	5	1	0	0	0
HAUS4	0	0	1	0	1	0	19	2	0	0	0	0
HAUS5	0	0	5	0	0	0	44	0	0	0	0	0
HAUS6	0	0	2	0	0	0	50	5	0	0	1	0
HAUS8	0	0	2	1	0	0	19	2	0	0	1	0
HDAC1	0	0	1	0	2	0	18	2	0	0	2	0
HDAC10	0	1	1	3	0	0	32	1	0	0	0	0
HDAC2	0	4	3	2	1	0	25	1	1	0	1	0
HDAC3	0	0	1	0	1	0	26	5	0	0	2	0
HGF	0	0	3	2	1	0	143	9	0	0	7	0
HIST1H1C	0	0	3	4	5	0	49	0	0	0	0	0
HIST1H2AA	0	0	0	2	0	0	26	1	0	0	0	1
HIST1H2AB	0	0	0	1	1	0	17	1	0	0	0	0
HIST1H2AC	0	1	1	1	2	0	23	2	0	0	0	0
HIST1H2AD	0	0	2	1	0	0	17	2	0	0	0	0
HIST1H2AE	0	0	0	0	1	0	28	0	0	0	0	0
HIST1H2AG	0	0	0	2	0	0	30	1	0	0	0	0
HIST1H2AH	0	0	1	0	0	0	23	0	0	0	0	1
HIST1H2AI	0	0	0	0	0	0	24	0	0	0	0	0
HIST1H2AJ	0	0	2	0	0	0	19	1	0	0	0	0
HIST1H2AK	0	0	0	2	0	0	31	1	0	0	0	0
HIST1H2AL	0	0	4	0	1	0	15	0	0	0	0	0
HIST1H2AM	0	0	0	0	0	0	13	3	0	0	0	1
HIST1H2BA	0	0	0	0	0	0	13	0	0	0	0	0
HIST1H2BB	0	0	1	0	0	0	23	1	0	0	0	1
HIST1H2BC	0	0	1	0	0	0	33	4	0	0	0	0
HIST1H2BD	0	0	0	0	0	1	25	1	1	0	0	0
HIST1H2BE	0	0	0	0	1	2	8	0	0	0	0	0
HIST1H2BF	0	0	1	0	4	0	21	0	0	0	0	1
HIST1H2BG	0	0	2	0	3	0	33	2	0	0	0	0
HIST1H2BH	0	0	1	0	2	0	28	1	0	0	0	0
HIST1H2BI	0	0	0	0	0	0	14	3	0	0	0	0
HIST1H2BJ	0	0	1	1	0	0	16	1	0	0	0	0
HIST1H2BK	0	0	0	0	0	0	25	1	0	0	1	0
HIST1H2BL	0	0	0	0	0	0	21	3	0	0	0	1
HIST1H2BM	0	0	0	0	0	0	22	2	0	0	0	0
HIST1H2BN	0	0	0	0	1	0	11	1	0	0	0	0
HIST1H2BO	0	0	1	1	0	0	16	1	0	0	0	1
HIST1H3A	0	0	0	0	0	0	9	0	0	0	0	0
HIST1H3B	0	0	2	0	1	0	53	3	0	0	0	0
HIST1H3C	0	0	3	0	0	0	27	2	0	0	0	0
HIST1H3D	0	0	0	0	0	0	29	0	0	0	0	1
HIST1H3E	0	0	2	0	0	0	20	0	1	0	0	1
HIST1H3F	0	0	2	1	0	0	22	0	0	0	0	1
HIST1H3G	0	0	1	0	0	0	21	4	0	0	0	0
HIST1H3H	0	0	0	0	0	0	20	1	0	0	0	0
HIST1H3I	0	0	1	0	0	0	38	1	0	0	0	0
HIST1H3J	0	0	1	0	0	0	14	0	0	0	0	0
HIST1H4A	0	0	1	0	1	0	6	0	0	0	0	0
HIST1H4B	0	0	1	0	1	0	25	1	0	0	0	0
HIST1H4C	0	0	2	0	0	0	25	1	0	0	0	0
HIST1H4D	0	0	3	0	1	0	25	0	1	0	0	0
HIST1H4E	0	0	2	1	0	0	30	0	0	0	0	0
HIST1H4F	0	0	1	0	0	0	13	0	0	0	0	0
HIST1H4H	0	0	1	0	0	0	11	0	0	0	0	0
HIST1H4I	0	0	0	0	0	0	22	0	0	0	0	0
HIST1H4J	0	0	2	0	0	0	19	1	0	0	0	1
HIST1H4K	0	0	0	0	0	0	34	1	2	0	0	1
HIST1H4L	0	0	0	0	1	0	14	0	2	0	0	0
HIST3H2A	0	0	0	0	0	0	12	0	0	0	0	0
HIST3H2BB	0	0	0	1	0	0	6	0	0	0	0	0
HIST3H3	0	0	0	0	0	0	18	0	0	0	0	0
HIST4H4	0	0	0	2	0	0	13	0	1	0	0	0
HJURP	0	0	1	1	1	0	56	4	0	0	0	0
HMG20B	0	0	0	0	2	0	11	0	0	0	1	0
HMGN1	0	0	0	0	0	0	8	1	0	0	0	0
HMMR	0	0	1	1	0	0	32	1	0	0	4	0
HRAS	18	0	0	0	0	1	122	1	0	0	0	0
HSP90AA1	0	0	3	2	0	0	65	8	0	0	1	0
HSP90AB1	0	0	5	4	5	0	57	9	0	0	1	0
HSPA2	0	0	1	0	0	0	35	1	0	0	0	0
HUS1	0	0	1	1	0	0	12	5	0	0	1	0
IDH1	33	0	0	0	0	0	483	2	0	0	1	0
IDH2	57	0	0	0	0	1	32	1	0	0	1	0
IKBKAP	0	0	3	1	0	0	61	2	0	0	1	0
IL7R	0	0	5	2	0	0	99	4	1	0	6	0
INCENP	0	0	2	1	1	1	48	2	0	0	1	0
ING3	0	0	0	2	0	0	21	3	0	0	0	0
ING4	0	0	2	0	0	0	9	1	0	0	1	0
ING5	0	0	2	1	0	0	10	3	0	0	1	0
INO80	0	0	3	2	0	0	90	11	0	0	0	0
INO80B	0	0	0	0	1	0	16	3	0	0	0	0
INO80C	0	1	0	0	0	0	12	0	0	0	0	0
INO80D	0	0	4	1	0	0	53	2	0	0	0	1
INO80E	0	0	0	0	1	0	11	0	0	0	1	0
INPPL1	0	0	36	6	1	0	88	10	0	0	2	0
IRF2	0	3	7	1	0	0	36	7	0	0	2	0
IRF6	0	0	2	2	2	0	41	9	0	0	2	0
ISG15	0	0	1	0	0	0	7	1	0	0	0	0
ISY1	0	1	1	1	0	0	17	0	0	0	1	0
ITGB3BP	0	1	2	1	0	0	8	0	0	0	1	0
JADE1	0	0	1	1	0	0	42	1	0	0	1	0
JADE2	0	0	2	1	1	0	39	4	0	0	0	0
JADE3	0	0	1	0	0	0	56	2	0	0	1	0
JAK1	0	4	33	9	2	0	57	11	0	0	6	0
JAK2	0	0	4	0	0	0	56	12	0	0	2	0
JAK3	0	0	2	1	0	0	89	3	0	0	1	0
JMJD6	0	0	0	1	0	0	24	0	0	0	1	0
KANSL1	0	0	24	6	0	0	77	21	0	0	13	1
KANSL2	0	0	1	1	0	0	19	1	0	0	4	0
KANSL3	0	0	0	0	1	0	43	0	0	0	1	0
KAT2B	0	0	2	1	1	0	49	6	0	0	5	0
KAT5	0	1	2	2	1	0	31	0	0	0	2	0
KAT6A	0	0	2	0	0	0	120	12	0	0	3	0
KAT6B	0	0	8	0	4	0	87	3	1	0	0	0
KAT7	0	0	0	2	0	0	42	1	0	0	1	0
KAT8	0	0	0	0	1	0	39	1	0	0	0	0
KDM1A	0	0	1	2	0	0	28	6	0	0	1	0
KDM1B	0	0	3	1	0	0	33	3	0	0	1	0
KDM2A	0	0	2	0	0	0	57	3	0	0	3	0
KDM3A	0	0	6	1	0	1	58	4	0	0	2	0
KDM3B	0	0	11	3	2	0	116	11	0	0	3	0
KDM4A	0	0	3	1	1	0	52	4	0	0	3	0
KDM4B	0	0	1	1	0	0	59	0	0	0	2	0
KDM4C	0	1	3	0	0	0	53	6	0	0	3	0
KDM4D	0	0	2	1	2	0	30	4	1	0	0	0
KDM5A	0	2	7	1	3	0	86	8	0	0	2	0
KDM5B	0	0	3	0	0	0	92	13	0	0	3	0
KDM5D	0	0	0	0	0	0	21	2	0	0	1	0
KDM6A	0	0	37	27	1	1	92	54	0	0	39	0
KDM6B	0	0	10	1	0	0	92	4	0	0	2	0
KDM7A	0	0	6	2	0	0	54	1	0	0	2	0
KEAP1	0	0	14	6	3	0	175	13	0	0	4	0
KIAA0101	0	0	0	0	0	0	11	1	0	0	1	0
KIF18A	0	0	1	0	1	0	46	3	0	0	3	0
KIF20A	0	0	0	0	0	0	31	5	0	0	0	0
KIF23	0	0	3	0	0	0	48	1	0	0	1	0
KIF2A	0	0	3	0	1	0	29	2	0	0	2	0
KIF2B	0	0	5	3	0	0	191	10	0	0	0	0
KIF2C	0	0	0	0	0	0	43	1	0	0	2	0
KIT	26	0	0	0	1	1	122	5	0	0	6	0
KLF5	69	0	0	0	1	1	51	4	0	0	0	0
KMT2C	0	1	73	27	2	0	428	133	1	0	23	0
KMT2D	0	1	129	41	14	2	393	184	0	0	37	0
KMT2E	0	0	15	6	3	0	114	11	0	0	2	0
KNTC1	0	0	11	2	0	0	105	4	0	0	8	0
KRAS	211	0	0	0	0	2	623	2	0	0	0	0
KRT222	0	0	2	1	1	0	19	4	0	0	2	0
LCMT1	0	3	0	0	0	0	23	4	0	0	2	0
LEMD2	0	0	1	1	0	0	22	0	0	0	1	0
LEMD3	0	0	1	0	1	0	28	9	0	0	0	0
LIG1	0	0	1	1	1	0	59	2	0	0	2	0
LIG3	0	0	1	2	0	0	46	3	0	0	0	0
LIG4	0	0	2	0	0	0	68	7	0	0	0	0
LIN37	0	0	1	0	0	0	17	0	0	0	1	0
LIN52	0	0	0	0	0	0	2	0	0	0	0	0
LIN54	0	0	0	0	0	0	37	2	0	0	1	0
LIN9	0	0	3	0	1	0	36	2	0	0	3	0
LMNA	0	0	1	2	2	0	33	2	0	0	3	0
LMNB1	0	0	0	1	2	0	18	2	0	0	0	0
LPIN1	0	0	3	0	1	0	53	4	0	0	1	0
LPIN2	0	0	2	0	1	0	63	2	0	0	2	0
LPIN3	0	0	0	3	0	0	39	1	0	0	3	0
LYN	0	0	4	0	0	0	49	4	0	0	2	0
MACF1	53	0	0	0	1	0	280	19	0	0	16	0
MAD1L1	0	0	1	0	0	0	55	2	0	0	0	0
MAD2L1	0	0	0	0	0	0	14	2	0	0	0	0
MAD2L2	0	0	1	0	0	0	10	0	0	0	0	0
MAP2K1	40	0	0	0	4	0	60	1	1	0	0	0
MAP2K4	0	16	13	2	1	1	43	13	0	0	13	0
MAP3K1	0	0	37	35	5	0	88	30	0	0	6	0
MAPK1	89	0	0	0	1	0	40	1	0	0	1	0
MAPK3	0	0	0	1	1	0	20	0	0	0	0	0
MAPK8	0	0	3	0	0	0	31	1	0	0	0	0
MAPRE1	0	0	3	0	1	0	11	1	0	0	1	0
MASTL	0	0	2	2	1	0	45	0	0	0	0	0
MAU2	0	0	0	0	1	0	27	2	0	0	2	0
MAX	0	0	3	1	1	0	27	2	0	0	1	1
MBD3	0	0	0	0	0	1	23	0	0	0	0	0
MBD4	0	0	1	0	1	0	26	1	0	0	0	0
MBIP	0	0	2	2	0	0	18	0	0	0	1	0
MCM10	0	0	3	1	0	0	60	3	0	0	2	0
MCM2	0	0	1	0	0	0	46	5	0	0	0	0
MCM3	0	0	2	0	1	0	41	4	0	0	1	0
MCM4	0	0	4	0	0	0	63	3	0	0	5	0
MCM5	0	0	0	0	0	0	45	2	0	0	3	0
MCM6	0	0	1	0	0	0	56	2	0	0	3	0
MCM7	0	0	1	1	1	0	59	9	0	0	2	0
MCM8	0	0	3	0	1	0	37	4	0	0	2	0
MCPH1	0	10	5	3	0	0	42	3	0	0	0	0
MCRS1	0	0	1	0	0	0	28	3	0	0	2	0
MDM2	0	0	2	0	1	0	31	2	0	0	1	0
MDM4	0	0	1	0	0	0	21	0	0	0	0	0
MEAF6	0	0	0	0	1	0	9	0	0	0	1	0
MECOM	0	0	7	1	1	0	157	9	0	0	3	0
MGA	0	0	26	5	2	0	179	45	0	0	4	0
MGMT	0	0	0	0	0	0	16	1	0	0	0	0
MINA	0	0	3	0	0	1	18	3	0	0	0	0
MIS12	0	0	2	1	0	0	6	1	0	0	0	0
MIS18A	0	0	0	0	0	0	8	1	0	0	0	0
MIS18BP1	0	0	6	2	0	0	49	2	0	0	2	0
MLH1	0	1	3	1	1	0	47	9	0	0	6	0
MLH3	0	0	5	3	0	0	57	4	0	0	1	0
MNAT1	0	0	2	1	0	0	9	1	0	0	0	0
MND1	0	0	1	0	0	0	11	2	0	0	0	1
MORF4L1	0	0	3	0	1	0	21	3	0	0	1	0
MORF4L2	0	3	0	0	0	0	24	2	0	0	0	0
MPG	0	0	1	0	0	0	20	0	0	0	0	0
MRE11A	0	0	1	0	0	0	34	2	0	0	3	0
MRGBP	0	0	0	0	0	0	19	0	0	0	1	0
MSH2	0	0	8	3	1	0	38	8	1	0	1	0
MSH3	49	0	0	0	0	0	43	7	0	0	5	0
MSH4	0	0	4	0	1	1	85	8	0	0	3	0
MSH6	0	0	8	4	6	0	55	12	0	0	0	0
MSL1	0	0	3	0	1	0	13	1	0	0	2	0
MSL2	0	0	3	1	0	0	36	3	0	0	0	0
MSL3	0	0	3	1	0	0	31	3	0	0	4	0
MTA2	0	0	6	0	0	0	41	2	0	0	3	0
MTA3	0	1	0	1	0	0	22	3	0	0	0	0
MTOR	49	0	0	0	1	0	194	9	0	0	2	0
MUS81	0	1	1	0	0	0	26	1	0	0	0	0
MUTYH	0	0	3	0	0	0	35	1	0	0	0	0
MYBL2	0	0	0	0	1	0	51	3	0	0	0	0
MYC	234	0	0	0	1	0	54	0	0	0	0	0
MZT1	0	0	0	0	0	0	6	0	0	0	0	0
MZT2A	0	0	1	0	0	0	7	1	0	0	0	0
MZT2B	0	0	0	1	0	0	5	2	0	0	0	0
NBN	0	0	6	2	0	0	39	4	0	0	2	0
NCAPD2	0	0	1	2	0	0	57	6	0	0	3	0
NCAPD3	0	0	4	1	0	0	87	3	0	0	3	0
NCAPG	0	0	1	2	0	0	34	4	0	0	0	0
NCAPG2	0	0	1	0	1	0	50	4	1	0	3	1
NCAPH	0	0	5	0	0	0	39	1	0	0	1	0
NCAPH2	0	1	0	1	0	0	33	2	0	0	6	0
NCOA1	0	0	2	0	1	0	84	9	0	0	2	0
NCOA2	0	0	10	1	1	0	92	11	0	0	1	0
NCOR1	0	5	14	10	2	0	167	30	0	0	12	0
NCOR2	0	0	18	10	3	0	155	7	0	0	2	0
NDC1	0	0	0	0	0	0	22	2	0	0	0	0
NDC80	0	0	6	0	0	0	46	5	0	0	2	0
NDE1	0	0	3	0	0	0	23	2	2	0	0	0
NDEL1	0	0	0	0	0	0	18	1	0	0	0	0
NEDD1	0	0	1	0	0	0	50	4	0	0	1	0
NEIL1	0	0	5	0	2	0	15	2	0	0	0	0
NEIL2	0	5	2	0	0	0	16	1	0	0	2	0
NEIL3	0	0	2	2	1	0	32	2	0	0	0	1
NEK2	0	0	1	0	0	0	29	3	0	0	2	0
NEK6	0	0	0	0	0	0	14	2	0	0	1	0
NEK7	0	0	2	2	0	0	13	1	0	0	1	0
NEK9	0	0	4	0	1	0	42	10	0	0	1	0
NF1	0	9	73	23	4	0	180	111	0	0	51	0
NF2	0	1	10	3	1	0	35	29	0	0	20	0
NFE2L2	64	0	0	0	12	1	203	4	0	0	0	0
NFKB1	0	0	2	2	0	0	41	5	0	0	2	0
NFKB2	0	0	2	0	1	0	42	3	0	0	3	0
NFRKB	0	1	5	0	1	0	54	2	0	0	2	0
NHEJ1	0	0	0	0	1	0	10	0	0	0	0	0
NHP2	0	0	1	0	0	0	12	0	0	0	0	0
NINL	0	0	12	0	0	0	111	4	0	0	0	0
NIPBL	0	0	35	9	4	0	174	28	0	0	11	0
NME7	0	0	2	1	1	0	26	2	1	0	0	0
NOTCH1	0	0	30	10	16	0	227	38	0	0	13	0
NOTCH2	0	0	14	5	0	0	133	17	0	0	7	0
NPLOC4	0	0	3	0	0	0	34	1	0	0	1	0
NPM1	0	0	0	0	1	0	17	0	0	0	1	0
NRAS	69	0	0	0	0	0	233	2	0	0	2	1
NSD1	0	2	38	14	2	0	175	47	0	0	8	0
NSL1	0	1	0	1	0	0	12	1	0	0	1	0
NTHL1	0	0	1	1	0	0	22	1	0	0	0	0
NUDC	0	0	1	0	1	0	13	3	0	0	1	0
NUF2	0	0	0	0	0	0	35	1	0	0	4	0
NUMA1	0	0	12	2	1	1	101	10	0	0	3	0
NUP107	0	0	2	2	0	0	62	6	0	0	1	0
NUP133	0	0	2	2	0	0	71	13	0	0	5	0
NUP153	0	0	2	1	1	0	85	4	0	0	2	0
NUP155	0	0	2	0	0	1	87	4	0	0	3	0
NUP160	0	0	2	3	0	0	61	8	0	0	4	0
NUP188	0	0	4	1	0	0	67	5	0	0	4	0
NUP205	0	0	7	0	1	0	116	13	0	0	10	0
NUP210	0	0	2	0	0	0	121	4	0	0	3	0
NUP214	0	0	6	3	0	0	106	6	0	0	2	0
NUP35	0	0	2	0	0	0	12	3	0	0	0	0
NUP37	0	0	2	0	0	0	19	0	0	0	1	0
NUP43	0	0	2	0	0	0	24	2	0	0	0	1
NUP50	0	0	2	0	0	0	22	1	0	0	0	0
NUP54	0	0	2	0	1	0	18	6	0	0	0	0
NUP62	0	0	1	0	3	0	37	1	0	0	0	2
NUP85	0	0	0	0	0	0	23	3	0	0	0	0
NUP88	0	0	0	2	0	0	31	0	1	0	2	0
NUP93	0	0	0	0	0	0	47	9	0	0	2	0
NUP98	0	0	3	0	1	1	98	3	0	0	3	0
NUPL1	0	0	0	1	0	0	40	2	0	0	1	0
NUPL2	0	0	2	0	0	0	28	1	0	0	0	1
ODF2	0	0	2	0	1	0	56	0	0	0	3	0
OFD1	0	0	1	0	0	0	56	6	0	0	2	0
OGG1	0	0	1	2	0	0	20	1	0	0	1	0
OGT	0	0	3	0	1	0	74	1	0	0	3	0
OIP5	0	0	0	0	0	0	12	2	0	0	0	0
OPTN	0	0	3	0	0	0	28	3	0	0	0	0
ORC1	0	0	3	0	0	0	41	2	0	0	1	0
ORC2	0	0	1	0	0	0	32	8	0	0	3	0
ORC3	0	0	3	1	0	0	27	6	0	0	2	0
ORC4	0	0	0	1	0	0	20	2	1	0	2	0
ORC5	0	0	1	1	1	0	22	2	0	0	3	0
ORC6	0	0	1	1	0	0	9	0	0	0	1	0
PADI1	0	0	2	1	0	0	59	1	0	0	0	0
PADI2	0	0	5	0	0	0	52	4	0	0	0	0
PADI3	0	0	2	0	0	0	70	3	0	0	1	0
PADI4	0	0	1	3	0	0	50	3	0	0	1	0
PADI6	0	0	0	0	0	0	0	0	0	59	0	0
PAFAH1B1	0	1	3	0	0	0	16	0	0	0	0	0
PALB2	0	0	5	0	0	0	63	7	0	0	1	0
PARG	0	0	2	0	0	0	19	1	0	0	0	0
PARP1	0	0	3	2	1	0	43	1	0	0	1	0
PARP2	0	0	0	0	0	1	31	1	0	0	1	0
PAX3	0	0	1	0	0	0	61	5	0	0	0	0
PAX5	0	0	3	1	0	0	48	2	0	0	3	0
PAXIP1	0	1	3	1	0	1	51	1	0	0	3	0
PBRM1	0	0	72	20	1	2	108	74	0	0	26	0
PCBP1	106	0	0	0	0	0	43	1	0	0	0	0
PCBP4	0	0	0	0	0	0	18	1	0	0	1	0
PCM1	0	1	1	2	1	0	58	8	0	0	2	0
PCNA	0	0	2	0	0	0	15	2	0	0	1	0
PCNT	0	0	10	2	0	0	180	15	0	0	3	0
PDS5A	0	1	4	3	0	0	64	4	0	0	2	1
PDS5B	0	5	11	0	1	0	78	10	0	0	1	0
PGR	0	0	6	2	4	0	83	13	0	0	2	0
PHF2	0	0	3	2	0	0	50	4	0	0	0	0
PHF20	0	0	1	0	0	0	65	4	0	0	2	0
PHF21A	0	1	4	1	0	0	28	0	0	0	3	0
PHLDA1	0	0	1	2	1	0	23	2	1	0	0	0
PIAS1	0	0	1	1	0	0	32	2	0	0	2	0
PIAS4	0	0	0	0	0	0	22	0	0	0	0	0
PIK3CA	440	0	0	0	33	0	1125	5	1	0	1	3
PIK3CB	0	0	2	1	1	0	76	9	0	0	2	0
PIK3CG	8	0	0	0	0	0	156	10	1	0	3	0
PIK3R1	0	0	29	17	76	16	84	26	0	0	38	0
PIK3R2	84	0	0	0	1	0	52	2	0	0	1	0
PKMYT1	0	0	3	0	0	0	17	1	0	0	0	0
PLK1	0	0	2	0	0	0	44	2	0	0	1	0
PLK4	0	0	1	2	0	0	43	2	1	0	3	0
PLXNB2	35	0	0	0	4	1	145	13	0	0	8	0
PMF1	0	0	0	0	0	0	6	1	0	0	1	0
PMS1	92	0	0	0	0	0	63	3	0	0	2	0
PMS2	0	0	2	2	2	0	51	5	0	0	5	0
PNKP	0	0	2	1	0	0	28	1	0	0	2	0
POLA1	0	0	0	2	0	0	72	3	0	0	4	0
POLA2	0	0	1	0	0	0	29	4	0	0	0	0
POLB	0	0	3	0	0	0	18	0	0	0	2	0
POLD1	0	0	5	1	2	0	74	4	0	0	1	0
POLD2	0	0	1	0	1	0	24	0	0	0	0	0
POLD3	0	0	2	0	0	0	22	1	0	0	0	0
POLD4	0	0	0	0	0	0	4	0	0	0	0	0
POLE	0	0	4	2	1	1	153	3	0	0	8	0
POLE2	0	0	1	0	1	0	13	0	0	0	1	0
POLE3	0	0	0	0	1	1	3	0	0	0	1	0
POLE4	0	0	0	0	0	0	2	1	0	0	1	0
POLH	0	0	3	1	0	0	26	0	0	0	3	0
POLI	0	3	1	0	0	0	29	4	0	0	0	0
POLK	0	0	1	0	0	0	38	2	0	0	2	0
POLL	0	0	0	0	1	0	24	2	0	0	2	0
POLM	0	0	5	1	0	1	29	2	0	0	0	0
POLN	0	0	1	1	1	0	56	3	0	0	0	0
POLQ	0	0	11	2	0	0	198	25	0	0	3	0
POLR2A	0	0	9	1	2	0	93	4	0	0	0	0
POLR2B	0	0	6	2	1	0	81	2	0	0	2	0
POLR2C	0	0	1	3	0	0	14	0	0	0	1	0
POLR2D	0	0	0	1	0	0	4	2	0	0	1	0
POLR2E	0	0	0	0	0	0	13	1	0	0	0	0
POLR2F	0	0	1	0	0	0	14	3	0	0	0	0
POLR2G	0	0	1	0	0	0	10	2	0	0	2	0
POLR2H	0	0	0	0	0	0	13	2	0	0	1	0
POLR2I	0	0	0	0	0	0	10	1	0	0	0	0
POLR2J	0	0	0	0	0	0	5	0	0	0	0	0
POLR2K	0	0	0	0	0	0	5	0	0	0	1	0
POLR2L	0	0	0	0	0	0	7	0	0	0	0	0
POM121	0	0	2	0	0	0	69	2	0	0	1	0
POM121C	0	0	2	1	0	0	33	1	0	0	0	0
POT1	0	0	1	0	0	0	73	3	0	0	3	1
PPIE	0	0	0	0	0	0	20	0	0	0	1	0
PPME1	0	0	1	0	0	0	9	0	0	0	1	0
PPP1CB	0	0	1	0	0	0	16	2	0	0	1	0
PPP1CC	0	0	2	0	0	0	12	3	0	0	0	0
PPP1R12A	0	0	2	2	0	0	47	3	1	0	2	0
PPP1R12B	0	0	2	0	1	0	49	4	0	0	5	0
PPP2CA	0	1	3	0	0	0	23	0	0	0	0	0
PPP2CB	0	1	0	1	0	0	17	4	0	0	0	0
PPP2R1A	81	0	0	0	1	0	130	1	0	0	1	0
PPP2R1B	0	1	1	0	1	1	32	0	0	0	2	0
PPP2R2A	0	3	1	1	1	0	25	5	0	0	3	0
PPP2R3B	0	1	9	0	0	0	30	0	0	0	3	0
PPP2R5A	0	0	6	1	0	0	23	3	0	0	2	0
PPP2R5B	0	0	2	0	0	0	38	1	0	0	0	0
PPP2R5C	0	0	4	1	0	0	34	2	0	0	3	0
PPP2R5D	0	0	0	1	1	0	42	3	0	0	1	0
PPP2R5E	0	1	3	0	0	0	29	2	0	0	0	0
PPP4C	0	0	0	0	0	0	21	1	0	0	0	0
PPP4R2	0	0	2	0	0	0	15	3	2	0	0	0
PPP5C	0	0	0	0	0	0	35	1	0	0	0	0
PRDM16	0	0	4	1	1	0	114	4	0	0	0	0
PRDM9	0	0	4	2	0	0	296	36	0	0	8	0
PRIM1	0	0	1	0	0	0	19	3	0	0	3	0
PRIM2	0	0	1	0	0	0	43	3	0	0	4	0
PRKACA	0	0	2	0	1	0	28	2	0	0	0	0
PRKAR2B	0	0	3	0	1	0	26	2	0	0	1	0
PRKCA	0	0	4	1	0	0	50	1	1	0	2	0
PRKCB	0	0	4	1	0	0	122	5	0	0	0	0
PRKDC	0	0	20	13	2	1	230	33	0	0	16	0
PRMT1	0	0	0	0	0	0	26	3	0	0	1	0
PRMT3	0	0	0	1	0	0	26	7	0	0	1	0
PRMT5	0	0	0	0	0	0	35	2	0	0	3	0
PRMT6	0	0	1	1	0	0	23	0	0	0	0	1
PRMT7	0	0	3	1	0	0	29	0	0	0	4	1
PRPF19	0	0	0	0	0	0	28	5	0	0	1	0
PSIP1	0	0	10	4	3	0	31	11	0	0	7	0
PSMA1	0	0	0	0	0	0	23	4	0	0	0	0
PSMA2	0	0	0	0	0	0	6	2	0	0	0	0
PSMA3	0	0	0	1	0	0	14	0	0	0	0	0
PSMA4	0	0	0	1	0	0	15	1	0	0	0	0
PSMA5	0	0	0	0	0	1	13	1	0	0	0	0
PSMA6	0	0	1	0	0	0	21	1	0	0	2	0
PSMA7	0	0	2	0	2	0	11	2	0	0	2	0
PSMA8	0	0	3	2	0	0	20	1	0	0	1	0
PSMB1	0	0	0	0	0	0	11	1	0	0	0	0
PSMB10	0	0	2	0	0	0	7	0	0	0	0	0
PSMB11	0	0	0	1	0	0	35	2	0	0	0	0
PSMB2	0	0	1	0	0	0	8	0	0	0	0	0
PSMB3	0	0	1	0	0	0	6	0	0	0	1	0
PSMB4	0	0	1	1	0	0	12	1	0	0	0	0
PSMB5	0	0	1	0	0	0	21	1	0	0	0	0
PSMB6	0	0	0	1	1	0	12	2	0	0	0	0
PSMB7	0	0	1	0	0	0	13	0	0	0	0	0
PSMC1	0	0	1	0	0	0	21	0	0	0	0	1
PSMC2	0	0	3	0	0	0	40	3	0	0	1	0
PSMC3	0	0	2	0	0	0	23	0	0	0	0	0
PSMC3IP	0	0	0	0	1	0	12	1	0	0	0	0
PSMC4	0	0	1	2	0	0	23	1	0	0	2	0
PSMC5	0	0	1	0	1	0	26	2	0	0	2	0
PSMC6	0	0	4	0	0	0	28	4	0	0	1	1
PSMD1	0	0	4	3	0	0	40	5	0	0	1	0
PSMD10	0	2	1	0	0	0	10	0	0	0	0	0
PSMD11	0	0	0	0	0	0	22	1	0	0	1	0
PSMD12	0	0	1	1	0	0	25	1	0	0	0	0
PSMD13	0	0	0	0	0	0	12	2	0	0	0	0
PSMD14	0	0	1	0	1	0	7	2	0	0	1	0
PSMD2	0	0	0	0	0	0	43	3	0	0	0	0
PSMD3	0	0	0	1	0	0	30	1	0	0	2	0
PSMD4	0	0	1	0	0	0	20	0	1	0	0	0
PSMD5	0	1	0	0	0	0	18	1	0	0	0	0
PSMD6	0	0	0	0	1	0	12	0	0	0	1	0
PSMD7	0	0	1	0	0	0	13	0	0	0	1	0
PSMD8	0	0	0	0	0	0	12	0	0	0	0	0
PSMD9	0	0	0	0	0	0	8	0	0	0	0	0
PSME1	0	0	0	0	1	0	10	0	0	0	0	0
PSME2	0	0	1	0	0	0	11	1	0	0	0	0
PSME3	0	0	0	0	0	0	14	2	0	0	0	0
PSME4	0	0	6	1	2	0	96	8	0	0	4	0
PSMF1	0	0	1	0	0	0	25	0	0	0	0	0
PTCH1	0	0	14	4	1	0	91	9	0	0	6	0
PTEN	0	122	171	80	16	1	341	155	0	0	56	1
PTK6	0	0	1	0	0	0	19	1	0	0	0	0
PTMA	0	0	1	1	1	0	6	4	13	0	1	0
PTPN11	58	0	0	0	0	0	54	2	0	0	1	0
PTTG1	0	0	1	0	0	0	8	0	0	0	1	0
RAB1A	0	0	0	0	0	0	9	1	0	0	0	0
RAB1B	0	0	2	0	0	0	9	1	0	0	0	0
RAB2A	0	0	1	0	1	0	10	1	0	0	1	0
RAB8A	0	0	1	1	0	0	17	0	0	0	0	1
RAC1	210	0	0	0	0	0	48	1	0	0	1	0
RAD1	0	0	1	0	0	0	13	3	0	0	0	1
RAD18	0	0	2	1	2	0	21	1	0	0	1	0
RAD21	0	0	4	1	2	0	58	5	0	0	2	0
RAD23A	0	0	3	0	1	0	18	2	0	0	1	0
RAD23B	0	0	1	0	2	0	20	2	1	0	1	0
RAD50	0	0	8	0	1	0	62	4	0	0	0	0
RAD51	0	0	0	0	0	0	16	1	0	0	0	0
RAD51AP1	0	0	0	0	0	0	24	0	0	0	0	0
RAD51B	0	0	2	0	0	0	18	1	0	0	1	0
RAD51C	0	2	3	1	0	0	26	2	0	0	1	0
RAD51D	0	0	0	0	0	0	9	1	0	0	0	0
RAD52	0	0	3	0	1	0	18	1	0	0	1	0
RAD9A	0	0	1	0	0	0	25	1	0	0	1	0
RAD9B	0	0	0	0	0	0	22	2	0	0	1	0
RAE1	0	0	2	0	0	0	24	1	0	0	3	0
RAF1	0	0	1	0	0	0	37	2	0	0	1	0
RANBP2	0	0	9	5	1	0	214	15	0	0	5	0
RANGAP1	0	0	0	0	0	0	20	0	0	0	0	0
RARA	0	0	0	1	1	0	38	0	0	0	0	0
RASA1	0	0	19	3	7	0	72	32	0	0	6	1
RB1	0	15	67	28	6	0	64	118	0	0	58	0
RBBP4	0	0	0	0	1	0	16	0	1	0	0	0
RBBP5	0	0	3	0	1	0	26	4	0	0	1	0
RBBP7	0	1	2	0	0	0	29	3	0	0	2	0
RBBP8	0	0	3	1	0	0	35	4	0	0	0	0
RBL1	0	0	3	0	0	0	68	7	0	0	3	0
RBL2	0	1	8	2	0	0	54	6	1	0	1	0
RBX1	0	0	0	0	0	0	6	1	0	0	0	0
RCC2	0	0	0	0	1	0	21	4	0	0	1	1
RCHY1	0	0	1	0	1	0	8	2	0	0	0	0
RCOR1	0	2	1	0	0	0	22	1	0	0	1	0
REC8	0	0	0	0	0	0	30	0	0	0	3	0
RELA	0	0	2	1	2	0	31	0	0	0	0	0
REST	0	0	1	1	0	0	50	9	0	0	0	0
REV1	0	0	5	4	1	0	60	3	0	0	2	0
REV3L	0	0	11	4	0	0	184	19	0	0	6	0
RFC1	0	0	6	2	3	0	45	2	0	0	2	0
RFC3	0	0	0	0	0	0	13	1	1	0	1	0
RFC4	0	0	2	2	1	0	35	3	0	0	2	0
RFC5	0	0	2	0	0	0	22	3	0	0	1	0
RFWD2	0	1	2	0	0	0	51	6	0	0	2	0
RHEB	0	1	0	0	0	0	17	2	1	0	1	0
RHNO1	0	0	0	0	0	0	10	2	0	0	0	0
RHOA	19	0	0	0	0	0	77	3	0	0	0	0
RIF1	0	0	3	1	1	1	121	9	0	0	7	0
RMI1	0	0	1	0	0	0	26	0	0	0	0	0
RMI2	0	0	0	0	0	0	6	0	0	0	0	0
RNF111	0	1	4	0	1	0	52	14	0	0	5	1
RNF168	0	0	2	2	0	0	39	2	0	0	1	0
RNF4	0	1	0	0	0	0	6	0	0	0	1	0
RNF43	0	0	57	7	1	0	54	16	0	0	5	0
RNF8	0	0	2	2	1	0	17	1	0	0	2	0
RPA1	0	1	0	0	0	0	32	1	0	0	2	0
RPA2	0	0	0	0	0	0	13	0	0	0	0	0
RPA3	0	0	0	0	0	0	9	2	0	0	0	1
RPA4	0	0	0	0	0	0	33	3	0	0	0	0
RPL22	0	1	48	5	1	0	9	3	0	0	0	0
RPL5	0	0	6	3	1	0	25	6	0	0	5	0
RPS2	0	0	0	0	0	1	19	2	0	0	0	0
RPS27	0	0	0	0	1	0	4	0	0	0	0	0
RPS27A	0	0	0	0	2	0	9	0	0	0	0	0
RQCD1	32	0	0	0	0	0	23	1	0	0	0	0
RRM2	0	0	2	0	2	0	18	0	0	0	1	0
RSF1	0	0	2	1	0	0	83	12	0	0	2	0
RTEL1	0	0	1	0	2	0	71	2	0	0	2	0
RUNX1	0	0	9	11	1	1	39	4	0	0	2	0
RUVBL1	0	0	1	0	0	0	21	4	0	0	1	0
RUVBL2	0	0	0	0	0	0	26	4	0	0	4	0
SAP130	0	0	5	0	2	0	54	3	1	0	2	0
SAP18	0	0	0	0	0	0	9	0	0	0	0	0
SAP30	0	1	0	0	1	0	9	0	0	0	0	0
SAP30L	0	2	0	0	0	0	5	0	0	0	0	0
SCAF4	0	0	23	3	3	0	80	17	0	0	6	0
SDCCAG8	0	0	2	1	0	0	60	3	0	0	3	0
SEC13	0	0	0	0	1	0	13	3	0	0	0	0
SEH1L	0	0	0	0	0	0	18	2	0	0	0	0
SET	0	0	1	1	1	0	16	0	0	0	1	0
SETBP1	32	0	0	0	0	0	168	5	0	0	3	0
SETD1A	0	0	1	0	1	0	103	6	0	0	1	0
SETD1B	0	0	26	2	0	0	51	1	0	0	2	0
SETD2	0	0	42	18	1	0	163	57	0	0	16	0
SETD3	0	0	2	0	0	0	25	2	0	0	3	0
SETD6	0	0	1	0	0	0	25	1	0	0	0	0
SETD7	0	0	1	0	0	0	15	2	0	0	1	0
SETD8	0	0	1	0	1	0	16	2	0	0	0	0
SETDB1	0	0	4	4	1	0	84	11	0	0	2	0
SETDB2	0	12	1	0	0	0	27	2	0	0	1	0
SF1	34	0	0	0	0	0	53	4	0	0	1	0
SF3B1	73	0	0	0	0	0	160	6	0	0	1	0
SFI1	0	0	6	1	0	0	50	6	0	0	1	0
SFN	0	0	1	0	0	0	11	2	0	0	0	0
SGOL1	0	0	2	2	0	0	29	1	0	0	0	0
SGOL2	0	0	10	1	3	0	71	4	0	0	3	0
SHFM1	0	0	0	0	0	0	5	0	0	0	0	0
SIN3A	0	0	6	3	5	0	85	16	0	0	1	0
SIRT6	0	0	1	0	0	0	14	3	0	0	0	0
SKA2	0	0	1	0	0	0	5	0	0	0	0	0
SKP1	0	0	0	0	0	0	13	0	0	0	0	0
SKP2	0	0	0	1	0	0	25	2	0	0	0	0
SLX1A	0	0	1	0	1	0	1	0	0	0	0	0
SLX1B	0	0	0	0	0	0	2	0	0	0	0	0
SLX4	0	0	7	1	2	0	114	7	0	0	0	0
SMAD2	0	4	3	1	0	0	36	14	0	0	1	0
SMAD4	0	34	12	9	6	0	128	40	0	0	3	1
SMARCA1	0	0	6	6	1	0	68	21	0	0	8	1
SMARCA2	0	9	1	1	1	0	127	4	0	0	4	0
SMARCA4	121	0	0	0	7	1	220	20	0	0	8	0
SMARCA5	0	0	1	0	1	0	49	1	0	0	1	0
SMARCB1	0	0	4	3	0	0	28	5	0	0	0	0
SMARCC1	0	0	3	1	2	0	49	4	0	0	3	0
SMARCC2	0	1	9	2	1	0	82	12	0	0	4	0
SMARCD1	0	0	2	0	0	1	18	4	1	0	1	0
SMARCD2	0	0	2	0	1	0	22	4	0	0	2	0
SMARCD3	0	0	1	0	1	0	30	1	0	0	1	0
SMARCE1	0	0	0	0	2	0	21	4	0	0	4	0
SMC1B	0	0	4	0	0	1	68	8	0	0	2	0
SMC2	0	0	8	4	0	0	73	3	0	0	2	0
SMC3	0	0	4	0	3	0	75	2	0	0	0	0
SMC4	0	0	9	1	1	0	87	6	0	0	0	0
SMUG1	0	0	0	0	0	0	13	2	0	0	0	0
SMYD2	0	0	2	0	0	1	17	3	0	0	1	0
SMYD3	0	0	4	1	0	0	30	2	0	0	1	0
SOS1	53	0	0	0	0	0	114	4	0	0	1	0
SOX17	18	0	0	0	0	1	43	1	0	0	0	0
SOX9	0	0	8	24	6	1	48	11	1	0	3	0
SPC24	0	0	0	0	0	0	6	0	0	0	0	0
SPDL1	0	0	3	0	1	0	32	4	0	0	0	1
SPIDR	0	0	2	1	1	1	49	6	0	0	0	0
SPO11	0	0	3	0	0	0	21	2	0	0	2	0
SPOP	119	0	0	0	1	0	118	4	0	0	3	0
SPRTN	0	0	3	1	0	1	30	4	0	0	0	0
SRC	0	0	1	0	0	0	25	2	0	0	0	0
SSNA1	0	0	0	0	0	0	5	0	0	0	0	0
STAG1	0	0	5	0	1	0	106	9	0	0	4	0
STAG2	0	1	26	8	2	0	86	49	0	0	15	0
STAG3	0	0	1	0	1	0	71	3	0	0	1	0
STK11	0	0	22	10	0	1	49	32	0	0	13	0
STRA13	0	0	0	0	0	0	3	0	0	0	1	0
SUDS3	0	0	1	0	0	0	8	3	1	0	0	0
SUMO1	0	0	3	0	0	0	7	2	0	0	0	0
SUMO2	0	0	2	0	0	0	4	0	0	0	1	0
SUMO3	0	0	1	0	0	0	3	1	0	0	1	0
SUN1	0	1	6	1	0	0	45	4	0	0	2	0
SUN2	0	0	2	1	0	0	26	5	0	0	0	0
SUPT20H	0	0	4	2	1	0	40	7	0	0	3	0
SUPT3H	0	0	2	0	0	0	28	2	1	0	2	0
SUPT7L	0	0	1	0	0	0	18	1	0	0	0	0
SUV39H2	0	0	2	0	0	0	21	3	0	0	0	0
SUV420H1	0	0	2	1	0	0	68	4	0	0	2	0
SUV420H2	0	0	0	0	0	0	18	1	1	0	0	1
SUZ12	0	0	6	1	0	0	32	3	0	0	1	0
SYCE1	0	0	1	0	1	0	39	0	0	0	0	0
SYCE2	0	0	0	0	0	0	14	2	0	0	0	0
SYCE3	0	0	0	0	0	0	2	0	0	0	0	0
SYCP1	0	0	5	1	0	0	109	12	0	0	6	0
SYCP2	0	0	6	2	2	0	106	15	0	0	6	0
SYCP3	0	0	0	1	0	0	17	0	0	0	0	0
SYNE1	0	0	19	8	1	0	911	77	0	0	20	0
SYNE2	0	0	20	6	2	0	352	37	1	0	11	0
TADA1	0	0	0	0	0	0	19	2	0	0	2	0
TADA2A	0	0	1	0	0	0	24	3	0	0	1	0
TADA2B	0	0	0	1	1	0	22	4	0	0	0	0
TADA3	0	0	1	0	0	0	26	0	0	0	1	0
TAF10	0	0	1	0	1	0	6	0	0	0	0	0
TAF12	0	0	0	0	0	0	4	0	0	0	0	0
TAF5L	0	0	1	0	0	0	36	4	0	0	0	0
TAF6L	0	0	2	0	2	0	31	0	0	0	0	0
TAOK1	0	0	5	0	1	0	59	11	0	0	2	0
TBL1X	0	1	1	0	0	1	36	4	0	0	1	0
TBL1XR1	0	0	1	3	1	0	49	5	0	0	8	0
TBX3	0	0	12	12	3	0	61	3	0	0	4	0
TCEA1	0	0	0	1	0	0	12	1	0	0	2	0
TCF12	0	3	13	8	1	0	37	8	0	0	5	0
TDG	0	0	1	0	0	1	25	3	0	0	4	0
TDP1	0	0	2	0	0	0	44	0	0	0	0	0
TDP2	0	0	2	0	1	0	23	1	0	0	0	0
TERF1	0	1	0	1	0	0	30	1	0	0	2	0
TERF2	0	0	1	0	1	0	16	0	0	0	1	0
TERF2IP	0	0	4	0	0	0	15	1	0	0	0	0
TERT	0	0	2	0	0	0	61	2	0	0	1	0
TEX12	0	0	0	0	0	0	4	0	0	0	0	1
TEX15	0	0	8	3	1	0	204	22	0	4	3	0
TFDP1	0	0	0	0	0	0	38	6	0	0	0	1
TFDP2	0	0	4	0	1	0	30	2	0	0	2	0
TGFBR2	0	0	5	4	3	0	73	16	0	0	5	0
THRAP3	0	0	7	6	0	0	53	18	0	0	0	0
TIMELESS	0	0	0	1	0	0	84	7	0	0	3	0
TINF2	0	0	1	1	1	0	17	2	1	0	0	0
TIPIN	0	0	0	0	0	0	12	1	0	0	0	0
TK1	0	0	1	0	3	0	11	0	0	0	0	0
TLR4	0	0	4	2	0	0	189	18	0	0	3	1
TMPO	0	0	3	2	1	0	43	4	0	0	1	0
TOP2A	0	0	2	1	0	0	68	4	0	0	0	1
TOP3A	0	0	8	0	0	1	47	5	0	0	1	0
TOPBP1	0	0	5	2	0	0	84	6	0	0	3	0
TP53	0	1	317	96	61	11	2235	444	0	0	233	1
TP53BP1	0	0	14	3	3	0	108	13	0	0	6	0
TPR	0	0	11	2	3	0	138	11	0	0	3	1
TPX2	0	0	1	0	1	0	53	7	0	0	1	0
TRAF3	0	3	8	1	0	0	35	9	0	0	1	0
TRIM25	0	0	0	0	0	0	32	3	0	0	1	0
TSC1	0	2	20	1	1	0	55	16	0	0	10	0
TUBA1A	0	0	1	0	0	0	31	0	0	0	0	0
TUBA1B	0	0	3	0	0	0	16	3	0	0	1	0
TUBA1C	0	0	1	0	0	0	20	4	0	0	0	0
TUBA3C	0	0	3	0	0	0	115	6	0	0	1	0
TUBA3D	0	0	1	0	0	0	42	0	0	0	1	0
TUBA3E	0	0	0	0	1	0	33	2	0	0	0	0
TUBA4A	0	0	0	0	3	0	29	1	0	0	0	0
TUBA4B	0	0	0	0	0	0	0	0	0	41	0	0
TUBA8	0	0	0	0	0	0	30	2	0	0	0	0
TUBB1	0	0	0	1	0	0	34	3	0	0	1	0
TUBB2A	0	0	1	1	0	0	24	0	0	0	0	0
TUBB2B	0	0	1	0	0	0	26	1	0	0	0	1
TUBB4A	0	0	3	0	0	0	58	0	0	0	0	0
TUBB4B	0	0	0	1	1	0	25	0	0	0	0	0
TUBB6	0	0	0	1	0	0	34	1	0	0	0	0
TUBB8	0	0	1	0	0	0	49	1	0	0	0	1
TUBG1	0	0	1	0	0	0	29	0	0	0	2	0
TUBG2	0	0	0	0	0	0	24	2	0	0	0	0
TUBGCP2	0	0	6	0	0	0	57	3	0	0	1	0
TUBGCP3	0	1	5	0	0	0	46	6	0	0	2	0
TUBGCP4	0	0	1	1	0	0	18	2	0	0	1	0
TUBGCP5	0	0	4	1	0	0	56	3	0	0	3	0
TUBGCP6	0	0	3	2	1	0	99	8	0	0	0	0
TYMS	0	0	0	0	0	0	16	1	0	0	0	0
U2AF1	71	0	0	0	3	0	44	1	0	0	0	0
UBA52	0	0	0	0	1	0	12	1	0	0	0	0
UBA7	0	0	0	0	1	0	35	0	0	0	0	0
UBB	0	3	2	0	0	0	9	1	0	0	0	0
UBC	0	0	2	2	2	1	52	2	0	0	0	0
UBE2B	0	1	0	0	0	0	5	0	0	0	0	0
UBE2C	0	0	0	0	0	0	11	0	0	0	2	0
UBE2D1	0	0	0	0	0	0	5	0	0	0	1	0
UBE2E1	0	0	0	0	0	0	4	0	0	0	1	0
UBE2I	0	0	0	0	0	0	11	2	0	0	0	0
UBE2L6	0	0	0	0	1	0	10	1	0	0	0	0
UBE2N	0	0	0	0	0	0	12	0	0	0	0	0
UBE2T	0	1	2	0	0	0	8	1	0	0	1	0
UBE2V2	0	0	0	0	0	0	12	1	0	0	0	0
UFD1L	0	0	2	0	0	0	9	1	0	0	1	0
UIMC1	0	0	3	2	1	0	29	1	0	0	0	0
UNCX	16	0	0	0	0	0	15	1	0	0	0	0
UNG	0	0	1	2	0	0	13	0	0	0	0	0
USO1	0	0	3	1	0	0	27	0	0	0	0	0
USP1	0	0	1	0	2	0	32	5	0	0	0	0
USP10	0	0	3	1	0	0	43	3	0	0	0	0
USP22	0	9	1	0	0	0	25	2	0	0	0	0
USP43	0	0	3	0	0	0	54	6	0	0	0	0
USP45	0	1	2	0	0	0	35	1	0	0	0	0
USP7	0	0	1	1	1	0	79	4	0	0	1	0
USP9X	0	0	22	12	2	0	154	27	0	0	9	0
UTY	0	0	2	0	0	0	15	4	0	0	1	0
UVSSA	0	0	4	0	0	0	49	3	0	0	1	0
VCP	0	0	2	0	0	0	42	3	0	0	0	0
VHL	0	0	37	21	3	1	81	31	1	0	18	0
VPS72	0	0	0	0	0	0	15	2	0	0	2	0
VRK1	0	0	1	0	0	0	21	1	0	0	1	0
VRK2	0	0	2	1	0	0	32	3	0	0	2	0
WAPAL	0	0	2	1	2	0	65	4	0	0	2	0
WDR48	0	0	2	0	0	0	30	2	0	0	1	0
WDR5	0	0	8	1	0	0	14	4	0	0	4	0
WDR77	0	0	0	0	0	0	17	1	0	0	2	0
WEE1	0	0	3	0	1	0	26	1	0	0	0	0
WHSC1	0	0	2	4	0	0	72	1	0	0	0	0
WHSC1L1	0	0	7	1	0	0	80	11	0	0	1	0
WRAP53	0	0	5	3	0	0	25	3	0	0	0	0
WRN	0	2	10	2	1	0	82	5	0	0	2	0
WT1	22	0	0	0	1	0	58	4	1	0	3	0
XAB2	0	0	3	0	1	0	50	1	0	0	2	0
XPA	0	0	0	0	0	0	11	1	0	0	0	0
XPC	0	0	1	0	0	0	39	0	0	0	1	0
XPO1	0	0	1	0	1	0	62	2	0	0	1	0
XRCC1	0	2	2	0	0	0	29	3	0	0	0	0
XRCC2	0	0	4	0	0	0	16	3	0	0	1	0
XRCC3	0	0	0	1	0	1	12	0	0	0	0	0
XRCC4	0	0	0	1	0	0	17	1	0	0	0	0
XRCC5	0	0	3	2	2	0	33	3	0	0	0	0
XRCC6	0	0	1	1	0	0	28	0	0	0	3	0
YEATS2	0	0	2	1	0	0	87	4	1	0	3	0
YEATS4	0	0	1	0	0	0	13	0	0	0	0	0
YWHAB	0	0	0	0	0	0	10	0	0	0	0	1
YWHAE	0	1	0	0	0	0	13	4	0	0	0	0
YWHAG	0	0	0	0	0	0	15	1	0	0	0	0
YWHAH	0	2	0	0	1	0	9	0	0	0	1	0
YWHAQ	0	0	0	1	0	0	18	2	0	0	1	0
YWHAZ	0	0	2	1	0	0	17	0	0	0	1	0
YY1	0	0	3	2	0	0	16	2	0	0	0	0
ZC3H12A	0	0	1	2	2	0	52	3	0	0	0	0
ZFP36L2	0	0	6	27	0	1	48	2	1	0	0	0
ZNF385A	0	0	2	0	0	0	21	2	0	0	0	0
ZNF750	0	0	13	7	0	0	40	19	0	0	0	4
ZNF830	0	0	4	0	0	0	15	1	0	0	0	0
ZW10	0	0	2	0	0	0	44	1	0	0	0	1
ZWILCH	0	0	3	1	0	0	23	3	0	0	2	0
ZWINT	0	0	2	0	0	0	42	7	0	0	5	0
ZZZ3	0	0	2	0	2	0	56	4	0	0	2	0
