Sample	Rearrangement Signature1	Rearrangement Signature2	Rearrangement Signature3	Rearrangement Signature4	Rearrangement Signature5	Rearrangement Signature6
PD10010	10	12	1	8	20	57
PD10011	107	11	9	0	15	1
PD10014	46	52	62	0	56	6
PD11326	26	79	182	4	57	11
PD11327	11	67	52	20	49	76
PD11336	8	1	1	13	2	50
PD11337	5	29	2	26	5	11
PD11338	0	1	0	0	0	0
PD11339	1	17	0	23	4	17
PD11340	8	71	8	99	109	54
PD11341	0	31	1	0	7	1
PD11342	3	4	0	5	0	5
PD11343	3	40	1	50	9	19
PD11344	2	20	1	70	3	68
PD11345	26	123	5	65	21	210
PD11346	11	56	5	153	6	240
PD11347	0	17	1	41	10	77
PD11348	7	14	3	41	6	59
PD11349	12	120	9	86	57	167
PD11352	1	1	0	0	0	0
PD11355	0	36	0	0	5	2
PD11357	0	7	0	1	2	8
PD11359	0	1	0	0	0	0
PD11360	4	15	2	35	6	25
PD11361	0	5	0	0	0	0
PD11364	3	9	0	8	2	1
PD11365	15	6	0	0	6	1
PD11366	1	29	0	0	1	1
PD11367	3	42	1	40	4	14
PD11368	37	53	1	59	22	161
PD11369	2	38	3	89	17	159
PD11370	0	3	0	0	0	0
PD11372	0	5	0	36	6	10
PD11374	5	24	1	17	7	15
PD11375	0	5	0	0	1	0
PD11376	0	8	3	9	2	42
PD11379	39	32	1	9	19	15
PD11380	1	5	1	2	5	17
PD11381	0	15	1	11	2	1
PD11383	0	4	0	0	0	0
PD11384	0	4	1	0	0	0
PD11385	3	15	1	29	1	27
PD11386	0	14	1	0	0	0
PD11388	1	11	4	44	5	91
PD11389	1	0	0	0	0	0
PD11391	1	0	0	0	1	0
PD11393	4	36	3	21	2	91
PD11394	0	1	0	17	1	6
PD11395	0	4	0	3	1	16
PD11396	1	26	1	10	3	5
PD11397	4	38	3	21	9	25
PD11398	4	8	0	26	2	4
PD11399	0	1	1	74	4	46
PD11402	0	8	0	6	0	17
PD11462	5	15	2	15	9	102
PD11464	26	10	4	86	0	28
PD11465	55	20	3	36	21	73
PD11740	2	13	0	0	0	0
PD11741	3	6	0	11	2	12
PD11742	57	117	86	6	54	15
PD11743	23	20	3	9	9	19
PD11744	0	1	0	0	0	0
PD11745	4	34	2	18	9	87
PD11748	43	62	232	0	61	3
PD11750	24	27	127	4	32	5
PD11751	40	82	238	3	137	13
PD11752	4	55	0	25	44	117
PD11753	0	5	0	0	4	0
PD11755	8	29	77	0	15	2
PD11756	0	7	0	4	0	6
PD11757	11	14	56	0	12	1
PD11760	2	20	1	33	6	13
PD11761	3	10	2	18	4	33
PD11762	1	12	0	0	2	1
PD11765	17	18	4	0	3	1
PD11766	0	26	0	35	3	17
PD11767	0	3	0	0	2	0
PD11769	1	6	1	10	2	34
PD11816	2	22	0	14	10	9
PD11818	11	45	2	152	0	91
PD11819	0	0	0	0	1	0
PD13162	15	44	3	20	8	46
PD13163	6	53	2	24	12	75
PD13164	2	12	2	8	3	58
PD13165	124	80	4	21	28	67
PD13166	7	58	6	59	4	39
PD13167	5	83	4	60	1	89
PD13168	1	18	2	55	4	97
PD13296	6	107	1000	1	89	18
PD13297	61	68	122	0	63	7
PD13298	11	43	3	127	22	27
PD13299	14	41	125	2	87	8
PD13302	5	15	2	128	6	111
PD13306	0	18	0	0	0	0
PD13307	5	29	1	6	1	36
PD13310	1	0	0	0	0	0
PD13311	12	22	87	0	22	2
PD13312	9	5	1	0	5	1
PD13418	0	37	1	0	9	2
PD13419	0	3	0	3	0	19
PD13420	0	5	0	5	0	6
PD13422	2	6	0	0	2	0
PD13424	8	12	8	91	8	89
PD13425	22	139	11	217	49	179
PD13427	0	2	0	0	0	0
PD13428	4	17	0	3	5	20
PD13602	17	79	14	22	59	40
PD13603	6	60	5	85	8	144
PD13604	1	6	3	13	36	90
PD13605	4	41	1	40	5	72
PD13606	6	47	3	92	11	177
PD13607	5	21	0	4	5	5
PD13608	5	26	3	93	5	42
PD13609	14	179	2	182	10	91
PD13619	0	2	0	0	0	0
PD13620	8	106	0	14	17	10
PD13622	32	50	2	45	42	85
PD13623	0	4	1	0	5	0
PD13625	20	67	5	48	24	79
PD13626	5	14	0	9	1	9
PD13627	8	42	67	0	61	6
PD13629	0	2	0	0	0	0
PD13630	1	44	3	7	5	25
PD13631	0	4	0	7	2	6
PD13752	9	26	1	5	10	8
PD13753	2	5	0	0	3	0
PD13754	0	13	1	0	5	1
PD13755	0	0	0	0	1	0
PD13757	2	7	0	2	1	12
PD13758	0	7	0	10	2	6
PD13760	0	0	0	1	0	8
PD13761	0	0	1	0	0	0
PD13762	0	0	1	0	0	0
PD13763	0	10	1	7	4	46
PD13764	18	216	9	511	16	219
PD13765	3	25	2	16	34	29
PD13766	0	57	2	0	6	2
PD13767	0	7	1	14	2	1
PD13768	0	1	0	0	0	0
PD13770	5	5	0	12	4	8
PD13771	50	50	10	14	128	28
PD14432	0	13	0	0	0	0
PD14433	0	0	0	7	0	47
PD14435	27	63	2	43	6	59
PD14437	32	129	0	21	9	26
PD14439	0	5	0	0	0	0
PD14441	0	2	0	20	1	8
PD14442	0	1	0	0	1	0
PD14450	0	4	1	23	0	18
PD14453	43	125	7	46	25	72
PD14454	9	14	1	18	6	82
PD14456	0	1	0	11	0	15
PD14457	9	54	4	75	6	35
PD14459	0	8	0	8	1	13
PD14460	0	8	1	22	2	24
PD14461	0	16	0	10	2	9
PD14462	0	7	1	3	0	18
PD14465	4	35	1	32	4	23
PD14467	0	15	1	15	3	18
PD14468	0	13	0	0	2	0
PD14471	2	37	1	19	6	49
PD14472	0	7	0	0	0	0
PD14473	3	5	0	21	0	9
PD17973	2	12	0	0	0	1
PD17981	2	2	0	7	4	30
PD17991	0	3	0	0	0	0
PD17994	2	4	0	0	0	0
PD18017	28	5	0	2	6	18
PD18020	20	91	153	15	131	36
PD18022	2	27	1	34	0	49
PD18024	96	75	382	2	98	13
PD18031	4	10	2	35	17	25
PD18037	9	71	6	4	81	26
PD18045	20	153	5	180	18	194
PD18046	3	31	0	0	4	1
PD18047	0	6	4	27	3	49
PD18048	47	32	4	24	43	49
PD18049	3	26	0	3	5	13
PD18050	17	97	2	126	6	51
PD18100	0	8	0	0	0	0
PD18101	2	7	1	0	0	0
PD18116	0	8	0	0	0	1
PD18149	0	5	0	2	4	11
PD18188	2	6	0	35	2	7
PD18189	12	34	0	3	12	11
PD18247	1	0	0	0	1	0
PD18251	20	60	2	15	9	20
PD18257	1	23	2	7	3	15
PD18258	1	7	0	0	0	0
PD18259	2	33	0	0	39	4
PD18264	4	14	1	5	7	9
PD18269	0	2	0	0	0	0
PD18728	0	1	1	0	0	0
PD18730	0	4	0	8	0	8
PD18733	0	9	0	15	2	7
PD18734	4	2	1	153	4	154
PD18748	0	7	0	10	0	1
PD18749	0	1	0	0	1	0
PD18751	0	10	1	35	3	22
PD18754	0	6	0	8	5	2
PD18756	0	2	0	0	0	0
PD18768	0	2	0	0	0	0
PD18769	2	10	0	0	7	1
PD18771	0	1	0	5	0	2
PD18775	0	9	1	0	0	0
PD18776	0	0	0	6	1	6
PD22251	3	10	1	16	2	7
PD22355	50	19	337	0	67	1
PD22357	6	68	5	41	9	146
PD22358	5	11	0	2	30	13
PD22359	0	20	2	1	4	7
PD22360	7	48	42	0	53	5
PD22361	5	50	1	39	0	34
PD22362	3	57	1	62	0	36
PD22363	10	41	2	0	72	7
PD22364	6	11	3	2	2	16
PD22365	6	27	0	1	2	11
PD22366	30	80	81	3	57	11
PD23550	1	16	4	133	3	113
PD23554	5	8	95	0	22	1
PD23558	0	64	2	1	63	18
PD23559	33	7	0	0	40	4
PD23560	1	55	0	1	7	12
PD23561	0	6	1	7	6	55
PD23562	19	41	110	5	37	9
PD23563	32	68	49	0	60	7
PD23564	2	1	1	0	5	0
PD23565	7	74	3	26	23	42
PD23566	41	52	99	0	67	6
PD23567	5	36	145	5	34	30
PD23569	4	12	2	0	3	1
PD23570	0	13	0	9	1	4
PD23574	30	59	118	8	100	10
PD23577	47	17	101	0	31	2
PD23578	39	23	125	0	31	1
PD23579	3	2	0	0	3	1
PD24182	5	53	90	2	39	6
PD24186	6	39	9	0	53	6
PD24189	0	2	2	0	4	0
PD24190	29	33	12	55	16	81
PD24191	3	21	2	0	28	3
PD24192	1	88	3	0	121	12
PD24193	0	2	0	0	0	0
PD24194	4	26	2	5	5	9
PD24195	9	1	0	0	4	0
PD24196	2	43	7	17	16	58
PD24197	9	42	209	0	53	5
PD24199	4	27	2	63	8	28
PD24200	1	6	33	0	6	1
PD24201	49	111	153	0	68	8
PD24202	41	8	216	1	22	4
PD24204	0	4	0	0	1	0
PD24205	0	47	1	0	32	4
PD24206	6	61	1	19	7	10
PD24207	6	86	3	135	7	110
PD24208	25	20	8	0	7	1
PD24209	21	3	2	8	4	36
PD24212	4	51	8	69	57	47
PD24214	2	19	1	87	8	96
PD24215	21	11	5	1	17	9
PD24216	39	3	0	0	15	1
PD24217	8	20	3	51	0	28
PD24218	1	14	1	9	6	64
PD24219	5	58	1	6	9	21
PD24220	2	15	3	109	11	243
PD24221	0	6	2	0	4	0
PD24223	1	8	0	0	2	1
PD24224	2	15	1	11	3	10
PD24225	0	5	0	8	2	16
PD24302	1	4	0	0	0	0
PD24303	8	2	147	0	8	0
PD24304	3	25	33	0	27	3
PD24306	15	4	82	0	6	0
PD24307	0	1	0	8	0	40
PD24308	22	69	1	45	21	62
PD24314	9	26	5	16	17	68
PD24318	10	12	1	19	17	35
PD24320	7	21	0	5	3	25
PD24322	26	35	2	5	4	26
PD24325	79	52	5	4	51	8
PD24326	4	12	1	7	2	35
PD24327	2	55	2	110	5	74
PD24329	2	56	0	13	2	21
PD24332	6	28	1	7	4	33
PD24333	5	24	7	0	12	2
PD24335	5	116	2	206	3	103
PD24336	4	22	0	46	1	7
PD24337	88	63	271	0	35	3
PD3851	0	3	0	14	1	14
PD3890	14	13	112	0	26	1
PD3904	14	41	4	8	55	39
PD3905	6	29	52	7	39	7
PD3945	11	16	2	0	68	6
PD3989	2	5	2	0	5	1
PD4005	26	28	101	0	26	2
PD4006	104	22	158	0	63	5
PD4069	0	2	0	0	1	0
PD4072	0	0	0	0	1	0
PD4076	0	0	0	0	2	0
PD4085	2	28	0	6	2	27
PD4086	12	12	5	0	19	2
PD4088	5	51	2	49	1	63
PD4103	12	162	4	302	32	101
PD4107	15	14	92	39	71	59
PD4109	44	53	0	0	75	9
PD4115	0	56	2	0	63	7
PD4116	4	80	5	18	92	56
PD4192	2	62	3	5	7	22
PD4194	0	0	0	3	1	19
PD4198	5	54	2	80	12	67
PD4199	8	30	1	13	12	22
PD4225	0	32	0	13	0	1
PD4248	15	38	2	14	12	59
PD4252	38	52	0	10	32	18
PD4255	66	117	8	66	37	17
PD4261	0	8	0	10	3	2
PD4264	0	15	1	36	1	18
PD4266	0	0	0	1	1	5
PD4315	15	56	6	69	5	56
PD4604	9	93	5	9	55	31
PD4605	4	42	2	15	4	31
PD4606	0	44	0	0	3	1
PD4607	1	4	0	10	0	2
PD4613	2	2	0	8	2	9
PD4826	18	69	2	101	10	92
PD4833	21	19	434	0	64	2
PD4836	7	15	5	6	43	5
PD4841	493	65	11	10	25	4
PD4844	19	80	11	0	95	11
PD4845	9	21	25	5	80	15
PD4847	97	24	12	17	36	67
PD4872	5	25	6	10	35	10
PD4874	6	107	9	23	63	14
PD4875	5	33	2	3	82	14
PD4876	7	43	0	0	41	4
PD4951	4	14	0	0	13	2
PD4952	20	93	3	33	138	47
PD4953	41	28	2	17	42	13
PD4954	12	16	2	2	77	18
PD4955	17	25	2	0	53	5
PD4956	80	28	20	0	99	9
PD4957	4	27	0	1	30	12
PD4958	2	41	4	0	50	6
PD4959	6	15	0	11	51	20
PD4962	10	43	2	12	5	14
PD4965	1	6	0	21	2	3
PD4967	0	1	0	1	1	6
PD4968	8	22	2	123	24	35
PD4969	1	7	0	2	0	8
PD4970	5	1	0	4	2	19
PD4971	4	197	4	134	1	44
PD4975	0	17	1	0	52	5
PD4976	3	74	2	4	0	34
PD4977	1	3	0	0	10	1
PD4978	7	38	4	278	3	227
PD4980	41	20	3	2	7	15
PD4981	0	2	0	0	0	0
PD4985	0	2	0	0	0	0
PD4986	0	5	0	0	4	0
PD5925	1	30	15	5	37	4
PD5928	2	27	1	0	46	4
PD5930	4	10	97	5	20	4
PD5932	46	36	167	3	55	13
PD5934	89	52	231	4	66	11
PD5935	87	61	122	0	60	5
PD5936	0	17	1	28	6	79
PD5937	2	3	2	0	2	0
PD5942	9	46	4	10	25	67
PD5944	10	11	0	0	3	1
PD5945	21	63	251	0	94	6
PD5946	2	24	1	240	3	133
PD5947	8	16	2	42	6	76
PD5948	41	95	164	27	107	55
PD5950	7	34	0	11	162	15
PD5951	8	30	2	11	2	63
PD5953	0	9	3	0	7	1
PD5956	181	3	118	38	156	196
PD5959	0	43	5	133	2	126
PD5960	0	23	4	0	32	3
PD5961	3	56	0	24	1	19
PD5964	5	2	1	41	5	15
PD6016	0	1	0	0	0	0
PD6041	0	2	0	0	0	0
PD6042	9	89	1	8	20	35
PD6043	44	16	53	0	95	8
PD6044	2	17	2	23	4	13
PD6045	0	2	1	7	0	23
PD6046	3	46	2	34	6	121
PD6047	20	36	3	32	15	37
PD6048	11	36	8	87	13	187
PD6404	21	57	1	11	17	32
PD6405	10	59	6	51	28	59
PD6406	22	41	96	0	25	2
PD6409	36	37	39	1	39	10
PD6410	7	26	121	3	25	11
PD6411	34	48	53	0	47	4
PD6412	6	25	3	0	44	4
PD6413	17	16	254	0	32	1
PD6414	2	3	1	0	1	0
PD6415	42	64	168	20	62	7
PD6416	0	26	0	6	13	26
PD6417	2	48	2	57	1	27
PD6418	1	1	0	0	0	0
PD6422	21	128	4	81	42	84
PD6466	0	18	2	22	1	17
PD6684	16	51	144	0	78	7
PD6711	0	10	0	1	0	9
PD6719	6	51	1	19	6	25
PD6720	6	40	0	13	2	12
PD6721	0	16	0	6	1	22
PD6722	26	20	104	0	43	3
PD6727	23	63	8	67	26	84
PD6728	55	14	6	14	7	19
PD6729	4	25	4	20	40	27
PD6730	12	15	3	3	41	24
PD6731	14	25	29	0	28	3
PD6732	29	64	9	49	11	17
PD6733	7	38	0	2	24	21
PD7066	268	37	2	0	10	4
PD7067	7	78	2	124	7	7
PD7069	3	49	2	11	7	71
PD7199	4	7	1	7	1	49
PD7201	2	1	0	1	0	8
PD7202	5	137	8	114	14	174
PD7203	2	54	3	68	6	43
PD7204	0	4	2	29	0	9
PD7205	13	84	9	272	24	116
PD7206	7	33	1	53	4	29
PD7207	0	0	0	1	0	5
PD7209	0	0	1	0	0	0
PD7210	0	1	0	0	0	0
PD7211	25	24	458	8	70	19
PD7214	0	15	0	0	0	0
PD7215	36	8	165	3	21	26
PD7217	2	39	0	3	66	14
PD7218	0	1	0	0	0	0
PD7219	17	9	2	5	4	33
PD7220	2	10	1	2	11	14
PD7221	1	6	0	0	2	0
PD7238	3	21	1	15	2	3
PD7240	2	76	3	19	22	27
PD7243	18	27	1	55	7	95
PD7248	59	69	138	4	90	7
PD7249	18	33	3	56	10	61
PD7250	11	64	169	6	81	13
PD7304	40	66	0	20	3	25
PD7305	11	28	2	144	4	140
PD7306	7	40	5	157	26	175
PD7307	14	60	4	110	12	127
PD7316	33	53	60	0	37	4
PD7321	18	37	344	0	50	3
PD7322	2	17	0	30	1	20
PD7341	5	67	3	71	11	87
PD7344	4	13	0	3	12	5
PD7426	86	85	224	2	75	13
PD7428	11	41	292	0	39	3
PD8609	1	19	2	21	5	12
PD8610	4	35	1	9	56	36
PD8611	52	52	233	0	74	5
PD8612	23	9	0	1	1	9
PD8614	1	6	0	5	0	5
PD8615	5	20	0	25	1	25
PD8617	1	34	0	2	4	17
PD8618	0	6	0	0	1	0
PD8619	20	34	4	69	12	109
PD8620	0	1	0	0	1	0
PD8621	19	18	179	0	51	4
PD8622	0	21	0	4	5	19
PD8623	0	24	0	0	5	1
PD8652	35	42	195	0	107	8
PD8660	92	173	19	129	138	39
PD8828	0	10	0	0	1	0
PD8830	13	18	1	25	47	24
PD8832	11	141	67	22	105	31
PD8964	9	64	3	3	150	18
PD8965	27	62	2	1	3	10
PD8969	6	82	2	0	31	4
PD8973	0	16	1	8	4	54
PD8977	2	16	1	6	2	6
PD8978	7	30	2	3	75	16
PD8979	13	193	11	336	10	179
PD8980	16	176	94	62	61	136
PD8981	2	23	2	67	4	74
PD8982	175	112	24	37	82	82
PD8984	26	50	6	0	73	8
PD8995	3	25	1	17	10	61
PD8996	2	55	2	28	2	112
PD8997	0	112	3	115	12	96
PD8998	7	35	1	30	6	16
PD8999	4	12	1	45	4	19
PD9000	15	77	2	1	98	15
PD9001	0	5	0	18	1	13
PD9002	5	32	4	54	11	52
PD9004	3	109	76	6	79	11
PD9009	2	30	1	7	6	46
PD9063	0	17	1	44	9	13
PD9064	36	33	287	0	70	3
PD9065	5	10	0	12	0	1
PD9067	1	8	0	0	0	0
PD9193	2	2	3	107	1	191
PD9464	36	85	3	48	21	156
PD9467	3	0	0	6	2	22
PD9539	8	37	1	101	11	64
PD9541	1	23	1	2	2	15
PD9544	0	1	1	0	0	0
PD9567	0	37	1	33	10	37
PD9568	23	37	26	1	113	15
PD9569	10	29	1	4	6	14
PD9570	0	2	0	0	0	0
PD9571	112	53	10	29	50	62
PD9572	1	7	0	3	1	5
PD9573	2	8	0	11	1	18
PD9574	0	1	1	7	0	12
PD9575	34	23	16	0	22	3
PD9576	29	149	198	19	94	22
PD9577	0	43	1	2	3	11
PD9578	0	2	0	0	0	0
PD9579	6	13	0	14	2	12
PD9582	2	30	2	149	2	60
PD9584	13	1	2	17	3	110
PD9585	2	73	389	8	54	7
PD9589	3	7	2	0	4	1
PD9591	0	5	0	5	0	5
PD9592	31	35	53	0	100	9
PD9593	0	11	1	6	1	4
PD9595	14	37	101	11	46	14
PD9597	0	2	0	6	1	4
PD9599	14	54	2	23	10	28
PD9600	15	19	0	0	3	1
PD9604	40	21	0	4	40	14
PD9605	11	16	0	4	9	21
PD9694	2	8	1	15	4	21
PD9696	42	35	201	0	51	3
PD9702	189	38	196	0	45	1
PD9752	7	87	3	51	15	131
PD9754	4	4	1	10	4	23
PD9755	0	0	1	20	2	36
PD9756	6	2	0	22	4	18
PD9759	4	22	0	9	8	11
PD9760	4	43	1	15	8	70
PD9761	1	1	0	0	0	0
PD9842	0	0	0	0	1	0
PD9845	0	7	0	9	2	11
PD9847	2	1	1	0	0	0