Cancer	Signature	CoeffIntercept	CoeffAttrCNAs	tIntercept	tExposure	F	df	pVal	pAdj
OV	CX1	21018.7650063566	354.594665344815	51.3750745175105	2.42400763151472	5.85705486971715	529	0.0158506224991583	0.0475518674974749
LUAD	CX1	21925.1559572826	436.788596004048	22.073497617232	1.8577762347046	3.44530430486714	221	0.0647628445526773	0.127465534573557
LUSC	CX1	23170.7626946165	458.651422003683	36.1084169096328	2.60710594213878	6.75803688922213	290	0.00981036691105291	0.0441466510997381
PRAD	CX1	23607.5876186905	-199.289835873076	27.7846550532112	-1.06417859987482	1.13254449790382	273	0.288173617831422	0.370508937211828
BLCA	CX1	26102.6963834826	-315.941055022227	37.2945520264333	-1.72978924327089	2.99034999955766	254	0.0849770230490383	0.127465534573557
BRCA	CX1	20651.5130282366	245.649981902433	34.2358509507854	1.73109059733671	3.01769354565244	713	0.0827923654087601	0.127465534573557
SKCM	CX1	23129.1796792946	-328.130077279984	10.9104860277471	-0.725592106934484	0.525020092207772	332	0.469218395578035	0.521943033197086
UCEC	CX1	26684.637578099	-647.421532855043	50.1617438545545	-4.33822455554974	18.5928834819871	216	2.46047663447914e-05	0.000221442897103123
STAD	CX1	25300.5859404578	-121.7546817072	36.0564837878433	-0.64104104493409	0.411431985287512	210	0.521943033197086	0.521943033197086
